Index,Location,TL,TR,deaths,sCh,cCh,CFR,reporting_date,source_index,source,confidence_weight,processing_notes,source_database
1,AFR::GHA,2012-04-01,2012-08-31,69.0,5999.0,,1.2,2012-08-31,12,JHU Cholera Database (UID: 816),0.95,"Converted from JHU database. Primary: True, Phantom: False - JHU reported 5999 cases, 69 deaths",JHU
2,AFR::GHA::GH-AA,2012-04-08,2012-04-14,17.0,684.0,,2.5,2012-04-14,12,JHU Cholera Database (UID: 816),0.95,"Converted from JHU database. Primary: True, Phantom: False - JHU reported 684 cases, 17 deaths",JHU
3,AFR::GHA::GH-AA,2012-04-01,2012-04-21,20.0,1270.0,,1.6,2012-04-21,12,JHU Cholera Database (UID: 816),0.95,"Converted from JHU database. Primary: True, Phantom: False - JHU reported 1270 cases, 20 deaths",JHU
4,AFR::GHA::GH-EP,2012-04-01,2012-04-21,1.0,300.0,300.0,0.3,2012-04-21,12,JHU Cholera Database (UID: 816),0.95,"Converted from JHU database. Primary: True, Phantom: False - JHU reported 300 cases, 1 deaths",JHU
5,AFR::GHA,1999-01-01,2005-12-31,620.0,26924.0,,2.3,2005-12-31,17,JHU Cholera Database (UID: 11480),0.95,"Converted from JHU database. Primary: False, Phantom: False - JHU reported 26924 cases, 620 deaths",JHU
6,AFR::GHA::GH-AH::Obuasi,2012-12-01,2013-02-28,12.0,166.0,,7.2,2013-02-28,13,JHU Cholera Database (UID: 807),0.95,"Converted from JHU database. Primary: True, Phantom: False - JHU reported 166 cases, 12 deaths",JHU
7,AFR::GHA::GH-AH::Obuasi,2013-03-01,2013-03-31,3.0,88.0,,3.4,2013-03-31,13,JHU Cholera Database (UID: 807),0.95,"Converted from JHU database. Primary: True, Phantom: False - JHU reported 88 cases, 3 deaths",JHU
8,AFR::GHA::GH-AH::Obuasi,2013-04-01,2013-04-30,2.0,32.0,,6.2,2013-04-30,13,JHU Cholera Database (UID: 807),0.95,"Converted from JHU database. Primary: True, Phantom: False - JHU reported 32 cases, 2 deaths",JHU
9,AFR::GHA::GH-AH::Obuasi,2013-05-01,2013-05-31,0.0,11.0,,0.0,2013-05-31,13,JHU Cholera Database (UID: 807),0.95,"Converted from JHU database. Primary: True, Phantom: False - JHU reported 11 cases, 0 deaths",JHU
10,AFR::GHA::GH-AH::Ejura,2012-12-01,2013-02-28,6.0,144.0,,4.2,2013-02-28,13,JHU Cholera Database (UID: 807),0.95,"Converted from JHU database. Primary: True, Phantom: False - JHU reported 144 cases, 6 deaths",JHU
11,AFR::GHA::GH-AH::Ejura,2013-03-01,2013-03-31,1.0,73.0,,1.4,2013-03-31,13,JHU Cholera Database (UID: 807),0.95,"Converted from JHU database. Primary: True, Phantom: False - JHU reported 73 cases, 1 deaths",JHU
12,AFR::GHA::GH-AH::Ejura,2013-04-01,2013-04-30,0.0,21.0,,0.0,2013-04-30,13,JHU Cholera Database (UID: 807),0.95,"Converted from JHU database. Primary: True, Phantom: False - JHU reported 21 cases, 0 deaths",JHU
13,AFR::GHA::GH-AH::Ejura,2013-05-01,2013-05-31,0.0,6.0,,0.0,2013-05-31,13,JHU Cholera Database (UID: 807),0.95,"Converted from JHU database. Primary: True, Phantom: False - JHU reported 6 cases, 0 deaths",JHU
14,AFR::GHA::Ashanti::(Ejura-Sekyedumase|Obuasi),2012-12-01,2013-01-21,18.0,310.0,,5.8,2013-01-21,13,JHU Cholera Database (UID: 807),0.95,"Converted from JHU database. Primary: True, Phantom: False - JHU reported 310 cases, 18 deaths",JHU
15,AFR::GHA::Ashanti::(Ejura-Sekyedumase|Obuasi),2012-12-01,2013-01-21,,200.0,,,2013-01-21,13,JHU Cholera Database (UID: 807),0.95,"Converted from JHU database. Primary: False, Phantom: False - JHU reported 200 cases",JHU
16,AFR::GHA,2006-01-02,2006-12-31,107.0,3357.0,,3.2,2006-12-31,14,JHU Cholera Database (UID: 11550),0.95,"Converted from JHU database. Primary: False, Phantom: False - JHU reported 3357 cases, 107 deaths",JHU
17,AFR::GHA::GH-AA::Accra,2014-06-01,2014-08-15,,3140.0,,,2014-08-15,23,JHU Cholera Database (UID: 938),0.95,"Converted from JHU database. Primary: True, Phantom: False - JHU reported 3140 cases",JHU
18,AFR::GHA::GH-AA::Accra,2014-07-01,2014-08-19,,2500.0,,,2014-08-19,23,JHU Cholera Database (UID: 938),0.95,"Converted from JHU database. Primary: True, Phantom: False - JHU reported 2500 cases",JHU
19,AFR::GHA::Greater Accra::Accra Metropolitan::La General Hospital,2014-07-01,2014-08-18,,790.0,,,2014-08-18,23,JHU Cholera Database (UID: 938),0.95,"Converted from JHU database. Primary: True, Phantom: False - JHU reported 790 cases",JHU
20,AFR::GHA::GH-AA,2013-01-01,2013-12-31,0.0,0.0,,,2013-12-31,23,JHU Cholera Database (UID: 938),0.95,"Converted from JHU database. Primary: True, Phantom: False - JHU reported 0 cases, 0 deaths",JHU
21,AFR::GHA,2011-01-01,2011-12-31,72.0,,,,2011-12-31,23,JHU Cholera Database (UID: 938),0.95,"Converted from JHU database. Primary: True, Phantom: False - JHU reported 72 deaths",JHU
22,AFR::GHA::Eastern::(Akwapim North|Ayensuano|Kwahu West|New Juaben|Nsawam Adoagyiri|Suhum|Upper West Akim),2014-07-22,2014-08-05,,121.0,,,2014-08-05,19,JHU Cholera Database (UID: 939),0.95,"Converted from JHU database. Primary: True, Phantom: False - JHU reported 121 cases",JHU
23,AFR::GHA::Eastern::Nsawam Adoagyiri,2014-07-22,2014-08-05,,93.0,,,2014-08-05,19,JHU Cholera Database (UID: 939),0.95,"Converted from JHU database. Primary: True, Phantom: False - JHU reported 93 cases",JHU
24,AFR::GHA::GH-EP,2014-07-22,2014-08-05,,121.0,,,2014-08-05,19,JHU Cholera Database (UID: 939),0.95,"Converted from JHU database. Primary: True, Phantom: False - JHU reported 121 cases",JHU
25,AFR::GHA::GH-EP::NewJuaben,2014-07-22,2014-08-05,,19.0,,,2014-08-05,19,JHU Cholera Database (UID: 939),0.95,"Converted from JHU database. Primary: True, Phantom: False - JHU reported 19 cases",JHU
26,AFR::GHA::GH-EP::BirimCentralMunicipal::AkimOda,2014-08-01,2014-09-24,2.0,49.0,,4.1,2014-09-24,19,JHU Cholera Database (UID: 939),0.95,"Converted from JHU database. Primary: True, Phantom: False - JHU reported 49 cases, 2 deaths",JHU
27,AFR::GHA::GH-AH::Ejura,2010-10-27,2012-11-02,6.0,,,,2012-11-02,22,JHU Cholera Database (UID: 934),0.95,"Converted from JHU database. Primary: True, Phantom: False - JHU reported 6 deaths",JHU
28,AFR::GHA::GH-WP::Tarkwa-Nsuem,2012-10-24,2012-11-06,0.0,63.0,,0.0,2012-11-06,22,JHU Cholera Database (UID: 934),0.95,"Converted from JHU database. Primary: True, Phantom: False - JHU reported 63 cases, 0 deaths",JHU
29,AFR::GHA,1970-01-01,1970-12-31,180.0,2733.0,,6.6,1970-12-31,33,WHO Annual Cholera Report (UID: 316),1.0,"Converted from JHU database. Primary: True, Phantom: False - JHU reported 2733 cases, 180 deaths",JHU
30,AFR::GHA,1971-01-01,1971-12-31,641.0,13048.0,,4.9,1971-12-31,33,WHO Annual Cholera Report (UID: 316),1.0,"Converted from JHU database. Primary: True, Phantom: False - JHU reported 13048 cases, 641 deaths",JHU
31,AFR::GHA,1972-01-01,1972-12-31,32.0,625.0,,5.1,1972-12-31,33,WHO Annual Cholera Report (UID: 316),1.0,"Converted from JHU database. Primary: True, Phantom: False - JHU reported 625 cases, 32 deaths",JHU
32,AFR::GHA,1973-01-01,1973-12-31,39.0,677.0,,5.8,1973-12-31,33,WHO Annual Cholera Report (UID: 316),1.0,"Converted from JHU database. Primary: True, Phantom: False - JHU reported 677 cases, 39 deaths",JHU
33,AFR::GHA,1974-01-01,1974-12-31,37.0,483.0,,7.7,1974-12-31,33,WHO Annual Cholera Report (UID: 316),1.0,"Converted from JHU database. Primary: True, Phantom: False - JHU reported 483 cases, 37 deaths",JHU
34,AFR::GHA,1975-01-01,1975-12-31,10.0,187.0,,5.3,1975-12-31,33,WHO Annual Cholera Report (UID: 316),1.0,"Converted from JHU database. Primary: True, Phantom: False - JHU reported 187 cases, 10 deaths",JHU
35,AFR::GHA,1976-01-01,1976-12-31,0.0,102.0,,0.0,1976-12-31,33,WHO Annual Cholera Report (UID: 316),1.0,"Converted from JHU database. Primary: True, Phantom: False - JHU reported 102 cases, 0 deaths",JHU
36,AFR::GHA,1977-01-01,1977-12-31,353.0,6565.0,,5.4,1977-12-31,33,WHO Annual Cholera Report (UID: 316),1.0,"Converted from JHU database. Primary: True, Phantom: False - JHU reported 6565 cases, 353 deaths",JHU
37,AFR::GHA,1978-01-01,1978-12-31,120.0,1853.0,,6.5,1978-12-31,33,WHO Annual Cholera Report (UID: 316),1.0,"Converted from JHU database. Primary: True, Phantom: False - JHU reported 1853 cases, 120 deaths",JHU
38,AFR::GHA,1979-01-01,1979-12-31,113.0,1783.0,,6.3,1979-12-31,33,WHO Annual Cholera Report (UID: 316),1.0,"Converted from JHU database. Primary: True, Phantom: False - JHU reported 1783 cases, 113 deaths",JHU
39,AFR::GHA,1980-01-01,1980-12-31,21.0,260.0,,8.1,1980-12-31,33,WHO Annual Cholera Report (UID: 316),1.0,"Converted from JHU database. Primary: True, Phantom: False - JHU reported 260 cases, 21 deaths",JHU
40,AFR::GHA,1981-01-01,1981-12-31,62.0,943.0,,6.6,1981-12-31,33,WHO Annual Cholera Report (UID: 316),1.0,"Converted from JHU database. Primary: True, Phantom: False - JHU reported 943 cases, 62 deaths",JHU
41,AFR::GHA,1982-01-01,1982-12-31,1225.0,11051.0,,11.1,1982-12-31,33,WHO Annual Cholera Report (UID: 316),1.0,"Converted from JHU database. Primary: True, Phantom: False - JHU reported 11051 cases, 1225 deaths",JHU
42,AFR::GHA,1983-01-01,1983-12-31,819.0,14160.0,,5.8,1983-12-31,33,WHO Annual Cholera Report (UID: 316),1.0,"Converted from JHU database. Primary: True, Phantom: False - JHU reported 14160 cases, 819 deaths",JHU
43,AFR::GHA,1984-01-01,1984-12-31,92.0,1015.0,,9.1,1984-12-31,33,WHO Annual Cholera Report (UID: 316),1.0,"Converted from JHU database. Primary: True, Phantom: False - JHU reported 1015 cases, 92 deaths",JHU
44,AFR::GHA,1985-01-01,1985-12-31,0.0,60.0,,0.0,1985-12-31,33,WHO Annual Cholera Report (UID: 316),1.0,"Converted from JHU database. Primary: True, Phantom: False - JHU reported 60 cases, 0 deaths",JHU
45,AFR::GHA,1990-01-01,1990-12-31,60.0,2937.0,,2.0,1990-12-31,33,WHO Annual Cholera Report (UID: 316),1.0,"Converted from JHU database. Primary: True, Phantom: False - JHU reported 2937 cases, 60 deaths",JHU
46,AFR::GHA,1991-01-01,1991-12-31,409.0,13172.0,,3.1,1991-12-31,33,WHO Annual Cholera Report (UID: 316),1.0,"Converted from JHU database. Primary: True, Phantom: False - JHU reported 13172 cases, 409 deaths",JHU
47,AFR::GHA,1992-01-01,1992-12-31,23.0,228.0,,10.1,1992-12-31,33,WHO Annual Cholera Report (UID: 316),1.0,"Converted from JHU database. Primary: True, Phantom: False - JHU reported 228 cases, 23 deaths",JHU
48,AFR::GHA,1993-01-01,1993-12-31,38.0,1448.0,,2.6,1993-12-31,33,WHO Annual Cholera Report (UID: 316),1.0,"Converted from JHU database. Primary: True, Phantom: False - JHU reported 1448 cases, 38 deaths",JHU
49,AFR::GHA,1994-01-01,1994-12-31,54.0,2267.0,,2.4,1994-12-31,33,WHO Annual Cholera Report (UID: 316),1.0,"Converted from JHU database. Primary: True, Phantom: False - JHU reported 2267 cases, 54 deaths",JHU
50,AFR::GHA,1995-01-01,1995-12-31,93.0,4698.0,,2.0,1995-12-31,33,WHO Annual Cholera Report (UID: 316),1.0,"Converted from JHU database. Primary: True, Phantom: False - JHU reported 4698 cases, 93 deaths",JHU
51,AFR::GHA,1996-01-01,1996-12-31,70.0,1665.0,,4.2,1996-12-31,33,WHO Annual Cholera Report (UID: 316),1.0,"Converted from JHU database. Primary: True, Phantom: False - JHU reported 1665 cases, 70 deaths",JHU
52,AFR::GHA,1997-01-01,1997-12-31,12.0,379.0,,3.2,1997-12-31,33,WHO Annual Cholera Report (UID: 316),1.0,"Converted from JHU database. Primary: True, Phantom: False - JHU reported 379 cases, 12 deaths",JHU
53,AFR::GHA,1998-01-01,1998-12-31,108.0,3426.0,,3.2,1998-12-31,33,WHO Annual Cholera Report (UID: 316),1.0,"Converted from JHU database. Primary: True, Phantom: False - JHU reported 3426 cases, 108 deaths",JHU
54,AFR::GHA,1999-01-01,1999-12-31,260.0,9432.0,,2.8,1999-12-31,33,WHO Annual Cholera Report (UID: 316),1.0,"Converted from JHU database. Primary: True, Phantom: False - JHU reported 9432 cases, 260 deaths",JHU
55,AFR::GHA,2000-01-01,2000-12-31,74.0,3331.0,,2.2,2000-12-31,33,WHO Annual Cholera Report (UID: 316),1.0,"Converted from JHU database. Primary: True, Phantom: False - JHU reported 3331 cases, 74 deaths",JHU
56,AFR::GHA,2001-01-01,2001-12-31,160.0,5487.0,,2.9,2001-12-31,33,WHO Annual Cholera Report (UID: 316),1.0,"Converted from JHU database. Primary: True, Phantom: False - JHU reported 5487 cases, 160 deaths",JHU
57,AFR::GHA,2002-01-01,2002-12-31,65.0,3614.0,,1.8,2002-12-31,33,WHO Annual Cholera Report (UID: 316),1.0,"Converted from JHU database. Primary: True, Phantom: False - JHU reported 3614 cases, 65 deaths",JHU
58,AFR::GHA,2003-01-01,2003-12-31,4.0,204.0,,2.0,2003-12-31,33,WHO Annual Cholera Report (UID: 316),1.0,"Converted from JHU database. Primary: True, Phantom: False - JHU reported 204 cases, 4 deaths",JHU
59,AFR::GHA,2004-01-01,2004-12-31,6.0,407.0,,1.5,2004-12-31,33,WHO Annual Cholera Report (UID: 316),1.0,"Converted from JHU database. Primary: True, Phantom: False - JHU reported 407 cases, 6 deaths",JHU
60,AFR::GHA,2005-01-01,2005-12-31,51.0,3166.0,,1.6,2005-12-31,33,WHO Annual Cholera Report (UID: 316),1.0,"Converted from JHU database. Primary: True, Phantom: False - JHU reported 3166 cases, 51 deaths",JHU
61,AFR::GHA,2006-01-01,2006-12-31,107.0,3357.0,,3.2,2006-12-31,33,WHO Annual Cholera Report (UID: 316),1.0,"Converted from JHU database. Primary: True, Phantom: False - JHU reported 3357 cases, 107 deaths",JHU
62,AFR::GHA,2007-01-01,2007-12-31,18.0,179.0,,10.1,2007-12-31,33,WHO Annual Cholera Report (UID: 316),1.0,"Converted from JHU database. Primary: True, Phantom: False - JHU reported 179 cases, 18 deaths",JHU
63,AFR::GHA,2008-01-01,2008-12-31,25.0,1223.0,,2.0,2008-12-31,33,WHO Annual Cholera Report (UID: 316),1.0,"Converted from JHU database. Primary: True, Phantom: False - JHU reported 1223 cases, 25 deaths",JHU
64,AFR::GHA,2009-01-01,2009-12-31,9.0,1294.0,,0.7,2009-12-31,33,WHO Annual Cholera Report (UID: 316),1.0,"Converted from JHU database. Primary: True, Phantom: False - JHU reported 1294 cases, 9 deaths",JHU
65,AFR::GHA,2010-01-01,2010-12-31,3.0,438.0,,0.7,2010-12-31,33,WHO Annual Cholera Report (UID: 316),1.0,"Converted from JHU database. Primary: True, Phantom: False - JHU reported 438 cases, 3 deaths",JHU
66,AFR::GHA,2011-01-01,2011-12-31,105.0,10628.0,,1.0,2011-12-31,33,WHO Annual Cholera Report (UID: 316),1.0,"Converted from JHU database. Primary: True, Phantom: False - JHU reported 10628 cases, 105 deaths",JHU
67,AFR::GHA,2012-01-01,2012-12-31,100.0,9548.0,,1.0,2012-12-31,33,WHO Annual Cholera Report (UID: 316),1.0,"Converted from JHU database. Primary: True, Phantom: False - JHU reported 9548 cases, 100 deaths",JHU
68,AFR::GHA,2013-01-01,2013-12-31,0.0,50.0,,0.0,2013-12-31,33,WHO Annual Cholera Report (UID: 316),1.0,"Converted from JHU database. Primary: True, Phantom: False - JHU reported 50 cases, 0 deaths",JHU
69,AFR::GHA,2014-01-01,2014-12-31,243.0,28944.0,,0.8,2014-12-31,33,WHO Annual Cholera Report (UID: 316),1.0,"Converted from JHU database. Primary: True, Phantom: False - JHU reported 28944 cases, 243 deaths",JHU
70,AFR::GHA,2015-01-01,2015-12-31,8.0,692.0,,1.2,2015-12-31,33,WHO Annual Cholera Report (UID: 316),1.0,"Converted from JHU database. Primary: True, Phantom: False - JHU reported 692 cases, 8 deaths",JHU
71,AFR::GHA,2016-01-01,2016-12-31,0.0,175.0,,0.0,2016-12-31,33,WHO Annual Cholera Report (UID: 316),1.0,"Converted from JHU database. Primary: True, Phantom: False - JHU reported 175 cases, 0 deaths",JHU
72,AFR::GHA,2017-01-01,2017-12-31,0.0,0.0,,,2017-12-31,33,WHO Annual Cholera Report (UID: 316),1.0,"Converted from JHU database. Primary: True, Phantom: False - JHU reported 0 cases, 0 deaths",JHU
73,AFR::GHA,2019-01-01,2019-12-31,0.0,1.0,,0.0,2019-12-31,33,WHO Annual Cholera Report (UID: 316),1.0,"Converted from JHU database. Primary: True, Phantom: False - JHU reported 1 cases, 0 deaths",JHU
74,AFR::GHA,2021-01-01,2021-12-31,0.0,2.0,,0.0,2021-12-31,33,WHO Annual Cholera Report (UID: 316),1.0,"Converted from JHU database. Primary: True, Phantom: False - JHU reported 2 cases, 0 deaths",JHU
75,AFR::GHA,2022-01-01,2022-12-31,0.0,0.0,,,2022-12-31,33,WHO Annual Cholera Report (UID: 316),1.0,"Converted from JHU database. Primary: True, Phantom: False - JHU reported 0 cases, 0 deaths",JHU
76,AFR::GHA,2023-01-01,2023-12-31,0.0,0.0,,,2023-12-31,33,WHO Annual Cholera Report (UID: 316),1.0,"Converted from JHU database. Primary: True, Phantom: False - JHU reported 0 cases, 0 deaths",JHU
77,AFR::GHA,2012-01-01,2012-03-31,64.0,,,,2012-03-31,3,JHU Cholera Database (UID: 935),0.95,"Converted from JHU database. Primary: True, Phantom: False - JHU reported 64 deaths",JHU
78,AFR::GHA::Greater Accra::Accra Metropolitan,2012-01-01,2012-03-31,31.0,2756.0,,1.1,2012-03-31,3,JHU Cholera Database (UID: 935),0.95,"Converted from JHU database. Primary: True, Phantom: False - JHU reported 2756 cases, 31 deaths",JHU
79,AFR::GHA::GH-AA::Accra,2013-01-01,2013-03-31,,2.0,,,2013-03-31,4,JHU Cholera Database (UID: 937),0.95,"Converted from JHU database. Primary: True, Phantom: False - JHU reported 2 cases",JHU
80,AFR::GHA::GH-AA,2011-01-10,2011-01-24,2.0,,,,2011-01-24,5,JHU Cholera Database (UID: 923),0.66,"Converted from JHU database. Primary: True, Phantom: True - JHU reported 2 deaths - Zero transmission period validated by JHU",JHU
81,AFR::GHA::GH-AA,2011-01-10,2011-02-11,5.0,505.0,,1.0,2011-02-11,5,JHU Cholera Database (UID: 923),0.66,"Converted from JHU database. Primary: True, Phantom: True - JHU reported 505 cases, 5 deaths",JHU
82,AFR::GHA,2011-01-10,2011-03-31,69.0,5614.0,,1.2,2011-03-31,5,JHU Cholera Database (UID: 923),0.66,"Converted from JHU database. Primary: True, Phantom: True - JHU reported 5614 cases, 69 deaths",JHU
83,AFR::GHA::GH-EP,2011-01-10,2011-03-31,,380.0,,,2011-03-31,5,JHU Cholera Database (UID: 923),0.66,"Converted from JHU database. Primary: True, Phantom: True - JHU reported 380 cases",JHU
84,AFR::GHA::GH-EP::NewJuaben,2011-01-10,2011-03-31,,228.0,,,2011-03-31,5,JHU Cholera Database (UID: 923),0.95,"Converted from JHU database. Primary: True, Phantom: False - JHU reported 228 cases",JHU
85,AFR::GHA::GH-EP::AkwapimSouth,2011-01-10,2011-03-31,,61.0,,,2011-03-31,5,JHU Cholera Database (UID: 923),0.95,"Converted from JHU database. Primary: True, Phantom: False - JHU reported 61 cases",JHU
86,AFR::GHA::GH-EP::BirimCentralMunicipal,2011-01-10,2011-03-31,,33.0,,,2011-03-31,5,JHU Cholera Database (UID: 923),0.95,"Converted from JHU database. Primary: True, Phantom: False - JHU reported 33 cases",JHU
87,AFR::GHA::GH-AA,2011-01-10,2011-03-31,36.0,4190.0,,0.9,2011-03-31,5,JHU Cholera Database (UID: 923),0.66,"Converted from JHU database. Primary: True, Phantom: True - JHU reported 4190 cases, 36 deaths",JHU
88,AFR::GHA::GH-AA::GaEast,2011-01-10,2011-03-31,1.0,473.0,,0.2,2011-03-31,5,JHU Cholera Database (UID: 923),0.95,"Converted from JHU database. Primary: True, Phantom: False - JHU reported 473 cases, 1 deaths",JHU
89,AFR::GHA::GH-AA::AccraMetropolitan,2011-01-10,2011-03-31,33.0,3207.0,,1.0,2011-03-31,5,JHU Cholera Database (UID: 923),0.95,"Converted from JHU database. Primary: True, Phantom: False - JHU reported 3207 cases, 33 deaths",JHU
90,AFR::GHA::GH-AA::GaSouth,2011-01-10,2011-03-31,1.0,119.0,,0.8,2011-03-31,5,JHU Cholera Database (UID: 923),0.95,"Converted from JHU database. Primary: True, Phantom: False - JHU reported 119 cases, 1 deaths",JHU
91,AFR::GHA::GH-AA::GaWest,2011-01-10,2011-03-31,1.0,253.0,,0.4,2011-03-31,5,JHU Cholera Database (UID: 923),0.95,"Converted from JHU database. Primary: True, Phantom: False - JHU reported 253 cases, 1 deaths",JHU
92,AFR::GHA::GH-AA::Adenta,2011-01-10,2011-03-31,0.0,38.0,,0.0,2011-03-31,5,JHU Cholera Database (UID: 923),0.95,"Converted from JHU database. Primary: True, Phantom: False - JHU reported 38 cases, 0 deaths",JHU
93,AFR::GHA::GH-AA::Ledzokuku-Krowor,2011-01-10,2011-03-31,0.0,62.0,,0.0,2011-03-31,5,JHU Cholera Database (UID: 923),0.95,"Converted from JHU database. Primary: True, Phantom: False - JHU reported 62 cases, 0 deaths",JHU
94,AFR::GHA::GH-AA::Tema,2011-01-10,2011-03-31,,28.0,,,2011-03-31,5,JHU Cholera Database (UID: 923),0.95,"Converted from JHU database. Primary: True, Phantom: False - JHU reported 28 cases",JHU
95,AFR::GHA::GH-AA::DangmeWest,2011-01-10,2011-03-31,,6.0,,,2011-03-31,5,JHU Cholera Database (UID: 923),0.95,"Converted from JHU database. Primary: True, Phantom: False - JHU reported 6 cases",JHU
96,AFR::GHA::GH-AA::Ashaiman,2011-01-10,2011-03-31,,3.0,,,2011-03-31,5,JHU Cholera Database (UID: 923),0.95,"Converted from JHU database. Primary: True, Phantom: False - JHU reported 3 cases",JHU
97,AFR::GHA::GH-AA::DangmeEast,2011-01-10,2011-03-31,,1.0,,,2011-03-31,5,JHU Cholera Database (UID: 923),0.95,"Converted from JHU database. Primary: True, Phantom: False - JHU reported 1 cases",JHU
98,AFR::GHA::GH-EP::Kwaebibirem,2011-01-10,2011-03-31,,1.0,,,2011-03-31,5,JHU Cholera Database (UID: 923),0.95,"Converted from JHU database. Primary: True, Phantom: False - JHU reported 1 cases",JHU
99,AFR::GHA,1999-01-01,2005-12-31,620.0,26924.0,,2.3,2005-12-31,18,JHU Cholera Database (UID: 11561),0.95,"Converted from JHU database. Primary: False, Phantom: False - JHU reported 26924 cases, 620 deaths",JHU
100,AFR::GHA::GH-BA,2012-05-01,2012-07-05,,100.0,,,2012-07-05,9,JHU Cholera Database (UID: 20555),0.95,"Converted from JHU database. Primary: True, Phantom: False - JHU reported 100 cases",JHU
101,AFR::GHA::GH-EP,2010-10-23,2010-11-06,0.0,56.0,,0.0,2010-11-06,27,JHU Cholera Database (UID: 922),0.95,"Converted from JHU database. Primary: True, Phantom: False - JHU reported 56 cases, 0 deaths",JHU
102,AFR::GHA::GH-AH::Obuasi,2013-01-02,2013-01-09,1.0,,,,2013-01-09,7,JHU Cholera Database (UID: 936),0.95,"Converted from JHU database. Primary: True, Phantom: False - JHU reported 1 deaths",JHU
103,AFR::GHA,2015-01-01,2015-03-11,,358.0,,,2015-03-11,29,UNICEF Country Programme Report (UID: 5109),0.9,"Converted from JHU database. Primary: True, Phantom: False - JHU reported 358 cases",JHU
104,AFR::GHA,2015-03-12,2015-05-20,,230.0,,,2015-05-20,29,UNICEF Country Programme Report (UID: 5109),0.9,"Converted from JHU database. Primary: True, Phantom: False - JHU reported 230 cases",JHU
105,AFR::GHA,2015-05-21,2015-07-29,,68.0,,,2015-07-29,29,UNICEF Country Programme Report (UID: 5109),0.9,"Converted from JHU database. Primary: True, Phantom: False - JHU reported 68 cases",JHU
106,AFR::GHA,2015-07-30,2015-08-05,,9.0,,,2015-08-05,29,UNICEF Country Programme Report (UID: 5109),0.9,"Converted from JHU database. Primary: True, Phantom: False - JHU reported 9 cases",JHU
107,AFR::GHA,2015-08-06,2015-08-12,,0.0,,,2015-08-12,29,UNICEF Country Programme Report (UID: 5109),0.9,"Converted from JHU database. Primary: True, Phantom: False - JHU reported 0 cases",JHU
108,AFR::GHA,2015-08-13,2015-08-19,,0.0,,,2015-08-19,29,UNICEF Country Programme Report (UID: 5109),0.9,"Converted from JHU database. Primary: True, Phantom: False - JHU reported 0 cases",JHU
109,AFR::GHA,2015-08-20,2015-08-26,,0.0,,,2015-08-26,29,UNICEF Country Programme Report (UID: 5109),0.9,"Converted from JHU database. Primary: True, Phantom: False - JHU reported 0 cases",JHU
110,AFR::GHA,2015-08-27,2015-09-02,,8.0,,,2015-09-02,29,UNICEF Country Programme Report (UID: 5109),0.9,"Converted from JHU database. Primary: True, Phantom: False - JHU reported 8 cases",JHU
111,AFR::GHA,2015-09-03,2015-09-09,,6.0,,,2015-09-09,29,UNICEF Country Programme Report (UID: 5109),0.9,"Converted from JHU database. Primary: True, Phantom: False - JHU reported 6 cases",JHU
112,AFR::GHA,2015-09-10,2015-09-16,,2.0,,,2015-09-16,29,UNICEF Country Programme Report (UID: 5109),0.9,"Converted from JHU database. Primary: True, Phantom: False - JHU reported 2 cases",JHU
113,AFR::GHA,2015-09-17,2015-09-23,,2.0,,,2015-09-23,29,UNICEF Country Programme Report (UID: 5109),0.9,"Converted from JHU database. Primary: True, Phantom: False - JHU reported 2 cases",JHU
114,AFR::GHA,2015-09-24,2015-09-30,,1.0,,,2015-09-30,29,UNICEF Country Programme Report (UID: 5109),0.9,"Converted from JHU database. Primary: True, Phantom: False - JHU reported 1 cases",JHU
115,AFR::GHA,2015-10-01,2015-10-07,,1.0,,,2015-10-07,29,UNICEF Country Programme Report (UID: 5109),0.9,"Converted from JHU database. Primary: True, Phantom: False - JHU reported 1 cases",JHU
116,AFR::GHA,2015-10-08,2015-10-14,,0.0,,,2015-10-14,29,UNICEF Country Programme Report (UID: 5109),0.9,"Converted from JHU database. Primary: True, Phantom: False - JHU reported 0 cases",JHU
117,AFR::GHA,2015-10-15,2015-10-21,,0.0,,,2015-10-21,29,UNICEF Country Programme Report (UID: 5109),0.9,"Converted from JHU database. Primary: True, Phantom: False - JHU reported 0 cases",JHU
118,AFR::GHA,2015-10-22,2015-10-28,,2.0,,,2015-10-28,29,UNICEF Country Programme Report (UID: 5109),0.9,"Converted from JHU database. Primary: True, Phantom: False - JHU reported 2 cases",JHU
119,AFR::GHA,2015-10-29,2015-11-04,,0.0,,,2015-11-04,29,UNICEF Country Programme Report (UID: 5109),0.9,"Converted from JHU database. Primary: True, Phantom: False - JHU reported 0 cases",JHU
120,AFR::GHA,2015-11-05,2015-11-11,,0.0,,,2015-11-11,29,UNICEF Country Programme Report (UID: 5109),0.9,"Converted from JHU database. Primary: True, Phantom: False - JHU reported 0 cases",JHU
121,AFR::GHA,2015-11-12,2015-11-18,,0.0,,,2015-11-18,29,UNICEF Country Programme Report (UID: 5109),0.9,"Converted from JHU database. Primary: True, Phantom: False - JHU reported 0 cases",JHU
122,AFR::GHA,2015-11-19,2015-11-25,,0.0,,,2015-11-25,29,UNICEF Country Programme Report (UID: 5109),0.9,"Converted from JHU database. Primary: True, Phantom: False - JHU reported 0 cases",JHU
123,AFR::GHA,2015-11-26,2015-12-02,,0.0,,,2015-12-02,29,UNICEF Country Programme Report (UID: 5109),0.9,"Converted from JHU database. Primary: True, Phantom: False - JHU reported 0 cases",JHU
124,AFR::GHA,2015-12-03,2015-12-09,,0.0,,,2015-12-09,29,UNICEF Country Programme Report (UID: 5109),0.9,"Converted from JHU database. Primary: True, Phantom: False - JHU reported 0 cases",JHU
125,AFR::GHA,2015-12-10,2015-12-16,,0.0,,,2015-12-16,29,UNICEF Country Programme Report (UID: 5109),0.9,"Converted from JHU database. Primary: True, Phantom: False - JHU reported 0 cases",JHU
126,AFR::GHA,2015-12-17,2015-12-23,,0.0,,,2015-12-23,29,UNICEF Country Programme Report (UID: 5109),0.9,"Converted from JHU database. Primary: True, Phantom: False - JHU reported 0 cases",JHU
127,AFR::GHA,2015-12-24,2015-12-30,,0.0,,,2015-12-30,29,UNICEF Country Programme Report (UID: 5109),0.9,"Converted from JHU database. Primary: True, Phantom: False - JHU reported 0 cases",JHU
128,AFR::GHA,2015-12-31,2016-01-06,,0.0,,,2016-01-06,29,UNICEF Country Programme Report (UID: 5109),0.9,"Converted from JHU database. Primary: True, Phantom: False - JHU reported 0 cases",JHU
129,AFR::GHA,2016-01-07,2016-01-13,,0.0,,,2016-01-13,29,UNICEF Country Programme Report (UID: 5109),0.9,"Converted from JHU database. Primary: True, Phantom: False - JHU reported 0 cases",JHU
130,AFR::GHA,2016-01-14,2016-01-20,,0.0,,,2016-01-20,29,UNICEF Country Programme Report (UID: 5109),0.9,"Converted from JHU database. Primary: True, Phantom: False - JHU reported 0 cases",JHU
131,AFR::GHA,2016-01-21,2016-01-27,,0.0,,,2016-01-27,29,UNICEF Country Programme Report (UID: 5109),0.9,"Converted from JHU database. Primary: True, Phantom: False - JHU reported 0 cases",JHU
132,AFR::GHA,2016-01-28,2016-02-03,,0.0,,,2016-02-03,29,UNICEF Country Programme Report (UID: 5109),0.9,"Converted from JHU database. Primary: True, Phantom: False - JHU reported 0 cases",JHU
133,AFR::GHA,2016-02-04,2016-02-10,,0.0,,,2016-02-10,29,UNICEF Country Programme Report (UID: 5109),0.9,"Converted from JHU database. Primary: True, Phantom: False - JHU reported 0 cases",JHU
134,AFR::GHA,2016-02-11,2016-02-17,,0.0,,,2016-02-17,29,UNICEF Country Programme Report (UID: 5109),0.9,"Converted from JHU database. Primary: True, Phantom: False - JHU reported 0 cases",JHU
135,AFR::GHA,2016-02-18,2016-02-24,,0.0,,,2016-02-24,29,UNICEF Country Programme Report (UID: 5109),0.9,"Converted from JHU database. Primary: True, Phantom: False - JHU reported 0 cases",JHU
136,AFR::GHA,2016-02-25,2016-03-02,,0.0,,,2016-03-02,29,UNICEF Country Programme Report (UID: 5109),0.9,"Converted from JHU database. Primary: True, Phantom: False - JHU reported 0 cases",JHU
137,AFR::GHA,2016-03-03,2016-03-09,,0.0,,,2016-03-09,29,UNICEF Country Programme Report (UID: 5109),0.9,"Converted from JHU database. Primary: True, Phantom: False - JHU reported 0 cases",JHU
138,AFR::GHA,2016-03-10,2016-03-16,,0.0,,,2016-03-16,29,UNICEF Country Programme Report (UID: 5109),0.9,"Converted from JHU database. Primary: True, Phantom: False - JHU reported 0 cases",JHU
139,AFR::GHA,2016-03-17,2016-03-23,,0.0,,,2016-03-23,29,UNICEF Country Programme Report (UID: 5109),0.9,"Converted from JHU database. Primary: True, Phantom: False - JHU reported 0 cases",JHU
140,AFR::GHA,2016-03-24,2016-03-30,,0.0,,,2016-03-30,29,UNICEF Country Programme Report (UID: 5109),0.9,"Converted from JHU database. Primary: True, Phantom: False - JHU reported 0 cases",JHU
141,AFR::GHA,2016-03-31,2016-04-06,,1.0,,,2016-04-06,29,UNICEF Country Programme Report (UID: 5109),0.9,"Converted from JHU database. Primary: True, Phantom: False - JHU reported 1 cases",JHU
142,AFR::GHA,2016-04-07,2016-04-13,,0.0,,,2016-04-13,29,UNICEF Country Programme Report (UID: 5109),0.9,"Converted from JHU database. Primary: True, Phantom: False - JHU reported 0 cases",JHU
143,AFR::GHA,2016-04-14,2016-04-20,,0.0,,,2016-04-20,29,UNICEF Country Programme Report (UID: 5109),0.9,"Converted from JHU database. Primary: True, Phantom: False - JHU reported 0 cases",JHU
144,AFR::GHA,2016-04-21,2016-04-27,,0.0,,,2016-04-27,29,UNICEF Country Programme Report (UID: 5109),0.9,"Converted from JHU database. Primary: True, Phantom: False - JHU reported 0 cases",JHU
145,AFR::GHA,2016-04-28,2016-05-04,,0.0,,,2016-05-04,29,UNICEF Country Programme Report (UID: 5109),0.9,"Converted from JHU database. Primary: True, Phantom: False - JHU reported 0 cases",JHU
146,AFR::GHA,2016-05-05,2016-05-11,,0.0,,,2016-05-11,29,UNICEF Country Programme Report (UID: 5109),0.9,"Converted from JHU database. Primary: True, Phantom: False - JHU reported 0 cases",JHU
147,AFR::GHA,2016-05-12,2016-05-18,,0.0,,,2016-05-18,29,UNICEF Country Programme Report (UID: 5109),0.9,"Converted from JHU database. Primary: True, Phantom: False - JHU reported 0 cases",JHU
148,AFR::GHA,2016-05-19,2016-05-25,,0.0,,,2016-05-25,29,UNICEF Country Programme Report (UID: 5109),0.9,"Converted from JHU database. Primary: True, Phantom: False - JHU reported 0 cases",JHU
149,AFR::GHA,2016-05-26,2016-06-01,,0.0,,,2016-06-01,29,UNICEF Country Programme Report (UID: 5109),0.9,"Converted from JHU database. Primary: True, Phantom: False - JHU reported 0 cases",JHU
150,AFR::GHA,2016-06-02,2016-06-08,,0.0,,,2016-06-08,29,UNICEF Country Programme Report (UID: 5109),0.9,"Converted from JHU database. Primary: True, Phantom: False - JHU reported 0 cases",JHU
151,AFR::GHA,2016-06-09,2016-06-15,,0.0,,,2016-06-15,29,UNICEF Country Programme Report (UID: 5109),0.9,"Converted from JHU database. Primary: True, Phantom: False - JHU reported 0 cases",JHU
152,AFR::GHA,2016-06-16,2016-06-22,,0.0,,,2016-06-22,29,UNICEF Country Programme Report (UID: 5109),0.9,"Converted from JHU database. Primary: True, Phantom: False - JHU reported 0 cases",JHU
153,AFR::GHA,2016-06-23,2016-06-29,,0.0,,,2016-06-29,29,UNICEF Country Programme Report (UID: 5109),0.9,"Converted from JHU database. Primary: True, Phantom: False - JHU reported 0 cases",JHU
154,AFR::GHA,2016-06-30,2016-07-06,,0.0,,,2016-07-06,29,UNICEF Country Programme Report (UID: 5109),0.9,"Converted from JHU database. Primary: True, Phantom: False - JHU reported 0 cases",JHU
155,AFR::GHA,2016-07-07,2016-07-13,,0.0,,,2016-07-13,29,UNICEF Country Programme Report (UID: 5109),0.9,"Converted from JHU database. Primary: True, Phantom: False - JHU reported 0 cases",JHU
156,AFR::GHA,2016-07-14,2016-07-20,,0.0,,,2016-07-20,29,UNICEF Country Programme Report (UID: 5109),0.9,"Converted from JHU database. Primary: True, Phantom: False - JHU reported 0 cases",JHU
157,AFR::GHA,2016-07-21,2016-07-27,,0.0,,,2016-07-27,29,UNICEF Country Programme Report (UID: 5109),0.9,"Converted from JHU database. Primary: True, Phantom: False - JHU reported 0 cases",JHU
158,AFR::GHA,2016-07-28,2016-08-03,,0.0,,,2016-08-03,29,UNICEF Country Programme Report (UID: 5109),0.9,"Converted from JHU database. Primary: True, Phantom: False - JHU reported 0 cases",JHU
159,AFR::GHA,2016-08-04,2016-08-10,,0.0,,,2016-08-10,29,UNICEF Country Programme Report (UID: 5109),0.9,"Converted from JHU database. Primary: True, Phantom: False - JHU reported 0 cases",JHU
160,AFR::GHA,2016-08-11,2016-08-17,,1.0,,,2016-08-17,29,UNICEF Country Programme Report (UID: 5109),0.9,"Converted from JHU database. Primary: True, Phantom: False - JHU reported 1 cases",JHU
161,AFR::GHA,2016-08-18,2016-08-24,,0.0,,,2016-08-24,29,UNICEF Country Programme Report (UID: 5109),0.9,"Converted from JHU database. Primary: True, Phantom: False - JHU reported 0 cases",JHU
162,AFR::GHA,2016-08-25,2016-08-31,,0.0,,,2016-08-31,29,UNICEF Country Programme Report (UID: 5109),0.9,"Converted from JHU database. Primary: True, Phantom: False - JHU reported 0 cases",JHU
163,AFR::GHA,2016-09-01,2016-09-07,,0.0,,,2016-09-07,29,UNICEF Country Programme Report (UID: 5109),0.9,"Converted from JHU database. Primary: True, Phantom: False - JHU reported 0 cases",JHU
164,AFR::GHA,2016-09-08,2016-09-14,,2.0,,,2016-09-14,29,UNICEF Country Programme Report (UID: 5109),0.9,"Converted from JHU database. Primary: True, Phantom: False - JHU reported 2 cases",JHU
165,AFR::GHA,2016-09-15,2016-09-21,,0.0,,,2016-09-21,29,UNICEF Country Programme Report (UID: 5109),0.9,"Converted from JHU database. Primary: True, Phantom: False - JHU reported 0 cases",JHU
166,AFR::GHA,2016-09-22,2016-09-28,,0.0,,,2016-09-28,29,UNICEF Country Programme Report (UID: 5109),0.9,"Converted from JHU database. Primary: True, Phantom: False - JHU reported 0 cases",JHU
167,AFR::GHA,2016-09-29,2016-10-05,,0.0,,,2016-10-05,29,UNICEF Country Programme Report (UID: 5109),0.9,"Converted from JHU database. Primary: True, Phantom: False - JHU reported 0 cases",JHU
168,AFR::GHA,2016-10-06,2016-10-12,,0.0,,,2016-10-12,29,UNICEF Country Programme Report (UID: 5109),0.9,"Converted from JHU database. Primary: True, Phantom: False - JHU reported 0 cases",JHU
169,AFR::GHA,2016-10-13,2016-10-19,,3.0,,,2016-10-19,29,UNICEF Country Programme Report (UID: 5109),0.9,"Converted from JHU database. Primary: True, Phantom: False - JHU reported 3 cases",JHU
170,AFR::GHA,2016-10-20,2016-10-26,,114.0,,,2016-10-26,29,UNICEF Country Programme Report (UID: 5109),0.9,"Converted from JHU database. Primary: True, Phantom: False - JHU reported 114 cases",JHU
171,AFR::GHA,2016-10-27,2016-11-02,,112.0,,,2016-11-02,29,UNICEF Country Programme Report (UID: 5109),0.9,"Converted from JHU database. Primary: True, Phantom: False - JHU reported 112 cases",JHU
172,AFR::GHA,2016-11-03,2016-11-09,,125.0,,,2016-11-09,29,UNICEF Country Programme Report (UID: 5109),0.9,"Converted from JHU database. Primary: True, Phantom: False - JHU reported 125 cases",JHU
173,AFR::GHA,2016-11-10,2016-11-16,,151.0,,,2016-11-16,29,UNICEF Country Programme Report (UID: 5109),0.9,"Converted from JHU database. Primary: True, Phantom: False - JHU reported 151 cases",JHU
174,AFR::GHA,2016-11-17,2016-11-23,,61.0,,,2016-11-23,29,UNICEF Country Programme Report (UID: 5109),0.9,"Converted from JHU database. Primary: True, Phantom: False - JHU reported 61 cases",JHU
175,AFR::GHA,2016-11-24,2016-11-30,,26.0,,,2016-11-30,29,UNICEF Country Programme Report (UID: 5109),0.9,"Converted from JHU database. Primary: True, Phantom: False - JHU reported 26 cases",JHU
176,AFR::GHA,2017-01-01,2017-12-24,16.0,,,,2017-12-24,29,UNICEF Country Programme Report (UID: 5109),0.9,"Converted from JHU database. Primary: True, Phantom: False - JHU reported 16 deaths",JHU
177,AFR::GHA,2017-01-01,2017-05-14,0.0,13.0,,0.0,2017-05-14,29,UNICEF Country Programme Report (UID: 5109),0.9,"Converted from JHU database. Primary: True, Phantom: False - JHU reported 13 cases, 0 deaths",JHU
178,AFR::GHA,2017-05-21,2017-07-23,0.0,2.0,,0.0,2017-07-23,29,UNICEF Country Programme Report (UID: 5109),0.9,"Converted from JHU database. Primary: True, Phantom: False - JHU reported 2 cases, 0 deaths",JHU
179,AFR::GHA,2017-07-30,2017-10-01,0.0,1.0,,0.0,2017-10-01,29,UNICEF Country Programme Report (UID: 5109),0.9,"Converted from JHU database. Primary: True, Phantom: False - JHU reported 1 cases, 0 deaths",JHU
180,AFR::GHA,2017-10-02,2017-10-08,0.0,0.0,,,2017-10-08,29,UNICEF Country Programme Report (UID: 5109),0.9,"Converted from JHU database. Primary: True, Phantom: False - JHU reported 0 cases, 0 deaths",JHU
181,AFR::GHA,2017-10-09,2017-10-15,0.0,0.0,,,2017-10-15,29,UNICEF Country Programme Report (UID: 5109),0.9,"Converted from JHU database. Primary: True, Phantom: False - JHU reported 0 cases, 0 deaths",JHU
182,AFR::GHA,2017-10-16,2017-10-22,0.0,0.0,,,2017-10-22,29,UNICEF Country Programme Report (UID: 5109),0.9,"Converted from JHU database. Primary: True, Phantom: False - JHU reported 0 cases, 0 deaths",JHU
183,AFR::GHA,2017-10-23,2017-10-29,0.0,0.0,,,2017-10-29,29,UNICEF Country Programme Report (UID: 5109),0.9,"Converted from JHU database. Primary: True, Phantom: False - JHU reported 0 cases, 0 deaths",JHU
184,AFR::GHA,2017-10-30,2017-11-05,0.0,0.0,,,2017-11-05,29,UNICEF Country Programme Report (UID: 5109),0.9,"Converted from JHU database. Primary: True, Phantom: False - JHU reported 0 cases, 0 deaths",JHU
185,AFR::GHA,2017-11-06,2017-11-12,0.0,0.0,,,2017-11-12,29,UNICEF Country Programme Report (UID: 5109),0.9,"Converted from JHU database. Primary: True, Phantom: False - JHU reported 0 cases, 0 deaths",JHU
186,AFR::GHA,2017-11-13,2017-11-19,0.0,0.0,,,2017-11-19,29,UNICEF Country Programme Report (UID: 5109),0.9,"Converted from JHU database. Primary: True, Phantom: False - JHU reported 0 cases, 0 deaths",JHU
187,AFR::GHA,2017-11-20,2017-11-26,0.0,0.0,,,2017-11-26,29,UNICEF Country Programme Report (UID: 5109),0.9,"Converted from JHU database. Primary: True, Phantom: False - JHU reported 0 cases, 0 deaths",JHU
188,AFR::GHA,2017-11-27,2017-12-03,0.0,0.0,,,2017-12-03,29,UNICEF Country Programme Report (UID: 5109),0.9,"Converted from JHU database. Primary: True, Phantom: False - JHU reported 0 cases, 0 deaths",JHU
189,AFR::GHA,2017-12-04,2017-12-10,0.0,0.0,,,2017-12-10,29,UNICEF Country Programme Report (UID: 5109),0.9,"Converted from JHU database. Primary: True, Phantom: False - JHU reported 0 cases, 0 deaths",JHU
190,AFR::GHA,2017-12-11,2017-12-17,0.0,0.0,,,2017-12-17,29,UNICEF Country Programme Report (UID: 5109),0.9,"Converted from JHU database. Primary: True, Phantom: False - JHU reported 0 cases, 0 deaths",JHU
191,AFR::GHA,2017-12-18,2017-12-24,0.0,0.0,,,2017-12-24,29,UNICEF Country Programme Report (UID: 5109),0.9,"Converted from JHU database. Primary: True, Phantom: False - JHU reported 0 cases, 0 deaths",JHU
192,AFR::GHA,2017-12-25,2017-12-31,0.0,0.0,,,2017-12-31,29,UNICEF Country Programme Report (UID: 5109),0.9,"Converted from JHU database. Primary: True, Phantom: False - JHU reported 0 cases, 0 deaths",JHU
193,AFR::GHA,2018-01-01,2018-01-07,0.0,0.0,,,2018-01-07,29,UNICEF Country Programme Report (UID: 5109),0.9,"Converted from JHU database. Primary: True, Phantom: False - JHU reported 0 cases, 0 deaths",JHU
194,AFR::GHA,2018-01-08,2018-01-14,0.0,0.0,,,2018-01-14,29,UNICEF Country Programme Report (UID: 5109),0.9,"Converted from JHU database. Primary: True, Phantom: False - JHU reported 0 cases, 0 deaths",JHU
195,AFR::GHA,2018-01-15,2018-01-21,0.0,0.0,,,2018-01-21,29,UNICEF Country Programme Report (UID: 5109),0.9,"Converted from JHU database. Primary: True, Phantom: False - JHU reported 0 cases, 0 deaths",JHU
196,AFR::GHA,2018-01-22,2018-01-28,0.0,0.0,,,2018-01-28,29,UNICEF Country Programme Report (UID: 5109),0.9,"Converted from JHU database. Primary: True, Phantom: False - JHU reported 0 cases, 0 deaths",JHU
197,AFR::GHA,2018-01-29,2018-02-04,0.0,0.0,,,2018-02-04,29,UNICEF Country Programme Report (UID: 5109),0.9,"Converted from JHU database. Primary: True, Phantom: False - JHU reported 0 cases, 0 deaths",JHU
198,AFR::GHA,2018-02-05,2018-02-11,0.0,0.0,,,2018-02-11,29,UNICEF Country Programme Report (UID: 5109),0.9,"Converted from JHU database. Primary: True, Phantom: False - JHU reported 0 cases, 0 deaths",JHU
199,AFR::GHA,2018-02-12,2018-02-18,0.0,0.0,,,2018-02-18,29,UNICEF Country Programme Report (UID: 5109),0.9,"Converted from JHU database. Primary: True, Phantom: False - JHU reported 0 cases, 0 deaths",JHU
200,AFR::GHA,2018-02-19,2018-02-25,0.0,0.0,,,2018-02-25,29,UNICEF Country Programme Report (UID: 5109),0.9,"Converted from JHU database. Primary: True, Phantom: False - JHU reported 0 cases, 0 deaths",JHU
201,AFR::GHA,2018-02-26,2018-03-04,0.0,0.0,,,2018-03-04,29,UNICEF Country Programme Report (UID: 5109),0.9,"Converted from JHU database. Primary: True, Phantom: False - JHU reported 0 cases, 0 deaths",JHU
202,AFR::GHA,2018-03-05,2018-03-11,0.0,0.0,,,2018-03-11,29,UNICEF Country Programme Report (UID: 5109),0.9,"Converted from JHU database. Primary: True, Phantom: False - JHU reported 0 cases, 0 deaths",JHU
203,AFR::GHA,2018-03-12,2018-03-18,0.0,0.0,,,2018-03-18,29,UNICEF Country Programme Report (UID: 5109),0.9,"Converted from JHU database. Primary: True, Phantom: False - JHU reported 0 cases, 0 deaths",JHU
204,AFR::GHA,2018-03-19,2018-03-25,0.0,0.0,,,2018-03-25,29,UNICEF Country Programme Report (UID: 5109),0.9,"Converted from JHU database. Primary: True, Phantom: False - JHU reported 0 cases, 0 deaths",JHU
205,AFR::GHA,2018-03-26,2018-04-01,0.0,0.0,,,2018-04-01,29,UNICEF Country Programme Report (UID: 5109),0.9,"Converted from JHU database. Primary: True, Phantom: False - JHU reported 0 cases, 0 deaths",JHU
206,AFR::GHA,2018-04-02,2018-04-08,0.0,0.0,,,2018-04-08,29,UNICEF Country Programme Report (UID: 5109),0.9,"Converted from JHU database. Primary: True, Phantom: False - JHU reported 0 cases, 0 deaths",JHU
207,AFR::GHA,2018-04-09,2018-04-15,0.0,0.0,,,2018-04-15,29,UNICEF Country Programme Report (UID: 5109),0.9,"Converted from JHU database. Primary: True, Phantom: False - JHU reported 0 cases, 0 deaths",JHU
208,AFR::GHA,2018-04-16,2018-04-22,0.0,0.0,,,2018-04-22,29,UNICEF Country Programme Report (UID: 5109),0.9,"Converted from JHU database. Primary: True, Phantom: False - JHU reported 0 cases, 0 deaths",JHU
209,AFR::GHA,2018-04-23,2018-04-29,0.0,0.0,,,2018-04-29,29,UNICEF Country Programme Report (UID: 5109),0.9,"Converted from JHU database. Primary: True, Phantom: False - JHU reported 0 cases, 0 deaths",JHU
210,AFR::GHA,2018-04-30,2018-05-06,0.0,0.0,,,2018-05-06,29,UNICEF Country Programme Report (UID: 5109),0.9,"Converted from JHU database. Primary: True, Phantom: False - JHU reported 0 cases, 0 deaths",JHU
211,AFR::GHA,2018-05-07,2018-05-13,0.0,0.0,,,2018-05-13,29,UNICEF Country Programme Report (UID: 5109),0.9,"Converted from JHU database. Primary: True, Phantom: False - JHU reported 0 cases, 0 deaths",JHU
212,AFR::GHA,2018-05-14,2018-05-20,0.0,0.0,,,2018-05-20,29,UNICEF Country Programme Report (UID: 5109),0.9,"Converted from JHU database. Primary: True, Phantom: False - JHU reported 0 cases, 0 deaths",JHU
213,AFR::GHA,2018-05-21,2018-05-27,0.0,0.0,,,2018-05-27,29,UNICEF Country Programme Report (UID: 5109),0.9,"Converted from JHU database. Primary: True, Phantom: False - JHU reported 0 cases, 0 deaths",JHU
214,AFR::GHA,2018-05-28,2018-06-03,0.0,0.0,,,2018-06-03,29,UNICEF Country Programme Report (UID: 5109),0.9,"Converted from JHU database. Primary: True, Phantom: False - JHU reported 0 cases, 0 deaths",JHU
215,AFR::GHA,2018-06-04,2018-06-10,0.0,0.0,,,2018-06-10,29,UNICEF Country Programme Report (UID: 5109),0.9,"Converted from JHU database. Primary: True, Phantom: False - JHU reported 0 cases, 0 deaths",JHU
216,AFR::GHA,2018-06-11,2018-06-17,0.0,0.0,,,2018-06-17,29,UNICEF Country Programme Report (UID: 5109),0.9,"Converted from JHU database. Primary: True, Phantom: False - JHU reported 0 cases, 0 deaths",JHU
217,AFR::GHA,2018-06-18,2018-06-24,0.0,0.0,,,2018-06-24,29,UNICEF Country Programme Report (UID: 5109),0.9,"Converted from JHU database. Primary: True, Phantom: False - JHU reported 0 cases, 0 deaths",JHU
218,AFR::GHA,2018-06-25,2018-07-01,0.0,0.0,,,2018-07-01,29,UNICEF Country Programme Report (UID: 5109),0.9,"Converted from JHU database. Primary: True, Phantom: False - JHU reported 0 cases, 0 deaths",JHU
219,AFR::GHA,2018-07-02,2018-07-08,0.0,0.0,,,2018-07-08,29,UNICEF Country Programme Report (UID: 5109),0.9,"Converted from JHU database. Primary: True, Phantom: False - JHU reported 0 cases, 0 deaths",JHU
220,AFR::GHA,2018-07-09,2018-07-15,0.0,0.0,,,2018-07-15,29,UNICEF Country Programme Report (UID: 5109),0.9,"Converted from JHU database. Primary: True, Phantom: False - JHU reported 0 cases, 0 deaths",JHU
221,AFR::GHA,2018-07-16,2018-07-22,0.0,0.0,,,2018-07-22,29,UNICEF Country Programme Report (UID: 5109),0.9,"Converted from JHU database. Primary: True, Phantom: False - JHU reported 0 cases, 0 deaths",JHU
222,AFR::GHA,2018-07-23,2018-07-29,0.0,0.0,,,2018-07-29,29,UNICEF Country Programme Report (UID: 5109),0.9,"Converted from JHU database. Primary: True, Phantom: False - JHU reported 0 cases, 0 deaths",JHU
223,AFR::GHA,2018-07-30,2018-08-05,0.0,0.0,,,2018-08-05,29,UNICEF Country Programme Report (UID: 5109),0.9,"Converted from JHU database. Primary: True, Phantom: False - JHU reported 0 cases, 0 deaths",JHU
224,AFR::GHA,2018-08-06,2018-08-12,0.0,0.0,,,2018-08-12,29,UNICEF Country Programme Report (UID: 5109),0.9,"Converted from JHU database. Primary: True, Phantom: False - JHU reported 0 cases, 0 deaths",JHU
225,AFR::GHA,2018-08-13,2018-08-19,0.0,0.0,,,2018-08-19,29,UNICEF Country Programme Report (UID: 5109),0.9,"Converted from JHU database. Primary: True, Phantom: False - JHU reported 0 cases, 0 deaths",JHU
226,AFR::GHA,2018-08-20,2018-08-26,0.0,0.0,,,2018-08-26,29,UNICEF Country Programme Report (UID: 5109),0.9,"Converted from JHU database. Primary: True, Phantom: False - JHU reported 0 cases, 0 deaths",JHU
227,AFR::GHA,2018-08-27,2018-09-02,0.0,0.0,,,2018-09-02,29,UNICEF Country Programme Report (UID: 5109),0.9,"Converted from JHU database. Primary: True, Phantom: False - JHU reported 0 cases, 0 deaths",JHU
228,AFR::GHA,2018-09-03,2018-09-09,0.0,0.0,,,2018-09-09,29,UNICEF Country Programme Report (UID: 5109),0.9,"Converted from JHU database. Primary: True, Phantom: False - JHU reported 0 cases, 0 deaths",JHU
229,AFR::GHA,2018-09-10,2018-09-16,0.0,0.0,,,2018-09-16,29,UNICEF Country Programme Report (UID: 5109),0.9,"Converted from JHU database. Primary: True, Phantom: False - JHU reported 0 cases, 0 deaths",JHU
230,AFR::GHA,2018-09-17,2018-09-23,0.0,0.0,,,2018-09-23,29,UNICEF Country Programme Report (UID: 5109),0.9,"Converted from JHU database. Primary: True, Phantom: False - JHU reported 0 cases, 0 deaths",JHU
231,AFR::GHA,2018-09-24,2018-09-30,0.0,0.0,,,2018-09-30,29,UNICEF Country Programme Report (UID: 5109),0.9,"Converted from JHU database. Primary: True, Phantom: False - JHU reported 0 cases, 0 deaths",JHU
232,AFR::GHA,2018-10-01,2018-10-07,0.0,0.0,,,2018-10-07,29,UNICEF Country Programme Report (UID: 5109),0.9,"Converted from JHU database. Primary: True, Phantom: False - JHU reported 0 cases, 0 deaths",JHU
233,AFR::GHA,2018-10-08,2018-10-14,0.0,0.0,,,2018-10-14,29,UNICEF Country Programme Report (UID: 5109),0.9,"Converted from JHU database. Primary: True, Phantom: False - JHU reported 0 cases, 0 deaths",JHU
234,AFR::GHA,2018-10-15,2018-10-21,0.0,2.0,,0.0,2018-10-21,29,UNICEF Country Programme Report (UID: 5109),0.9,"Converted from JHU database. Primary: True, Phantom: False - JHU reported 2 cases, 0 deaths",JHU
235,AFR::GHA,2018-10-22,2018-10-28,0.0,0.0,,,2018-10-28,29,UNICEF Country Programme Report (UID: 5109),0.9,"Converted from JHU database. Primary: True, Phantom: False - JHU reported 0 cases, 0 deaths",JHU
236,AFR::GHA,2018-10-29,2018-11-04,0.0,0.0,,,2018-11-04,29,UNICEF Country Programme Report (UID: 5109),0.9,"Converted from JHU database. Primary: True, Phantom: False - JHU reported 0 cases, 0 deaths",JHU
237,AFR::GHA,2018-11-05,2018-11-11,0.0,0.0,,,2018-11-11,29,UNICEF Country Programme Report (UID: 5109),0.9,"Converted from JHU database. Primary: True, Phantom: False - JHU reported 0 cases, 0 deaths",JHU
238,AFR::GHA,2018-11-12,2018-11-18,0.0,0.0,,,2018-11-18,29,UNICEF Country Programme Report (UID: 5109),0.9,"Converted from JHU database. Primary: True, Phantom: False - JHU reported 0 cases, 0 deaths",JHU
239,AFR::GHA,2018-11-19,2018-11-25,,0.0,,,2018-11-25,29,UNICEF Country Programme Report (UID: 5109),0.9,"Converted from JHU database. Primary: True, Phantom: False - JHU reported 0 cases",JHU
240,AFR::GHA,2018-11-26,2018-12-02,,0.0,,,2018-12-02,29,UNICEF Country Programme Report (UID: 5109),0.9,"Converted from JHU database. Primary: True, Phantom: False - JHU reported 0 cases",JHU
241,AFR::GHA,2018-12-03,2018-12-09,,0.0,,,2018-12-09,29,UNICEF Country Programme Report (UID: 5109),0.9,"Converted from JHU database. Primary: True, Phantom: False - JHU reported 0 cases",JHU
242,AFR::GHA,2018-12-10,2018-12-16,,0.0,,,2018-12-16,29,UNICEF Country Programme Report (UID: 5109),0.9,"Converted from JHU database. Primary: True, Phantom: False - JHU reported 0 cases",JHU
243,AFR::GHA,2018-12-17,2018-12-23,,0.0,,,2018-12-23,29,UNICEF Country Programme Report (UID: 5109),0.9,"Converted from JHU database. Primary: False, Phantom: False - JHU reported 0 cases",JHU
244,AFR::GHA,2018-12-24,2018-12-30,,0.0,,,2018-12-30,29,UNICEF Country Programme Report (UID: 5109),0.9,"Converted from JHU database. Primary: False, Phantom: False - JHU reported 0 cases",JHU
245,AFR::GHA,2018-12-17,2018-12-23,0.0,0.0,,,2018-12-23,29,UNICEF Country Programme Report (UID: 5109),0.9,"Converted from JHU database. Primary: True, Phantom: False - JHU reported 0 cases, 0 deaths",JHU
246,AFR::GHA,2018-12-24,2018-12-30,0.0,0.0,,,2018-12-30,29,UNICEF Country Programme Report (UID: 5109),0.9,"Converted from JHU database. Primary: True, Phantom: False - JHU reported 0 cases, 0 deaths",JHU
247,AFR::GHA,2018-12-31,2019-01-06,0.0,0.0,,,2019-01-06,29,UNICEF Country Programme Report (UID: 5109),0.9,"Converted from JHU database. Primary: True, Phantom: False - JHU reported 0 cases, 0 deaths",JHU
248,AFR::GHA,2019-01-07,2019-01-13,0.0,0.0,,,2019-01-13,29,UNICEF Country Programme Report (UID: 5109),0.9,"Converted from JHU database. Primary: True, Phantom: False - JHU reported 0 cases, 0 deaths",JHU
249,AFR::GHA,2019-01-14,2019-01-20,0.0,0.0,,,2019-01-20,29,UNICEF Country Programme Report (UID: 5109),0.9,"Converted from JHU database. Primary: True, Phantom: False - JHU reported 0 cases, 0 deaths",JHU
250,AFR::GHA,2019-01-21,2019-01-27,0.0,0.0,,,2019-01-27,29,UNICEF Country Programme Report (UID: 5109),0.9,"Converted from JHU database. Primary: True, Phantom: False - JHU reported 0 cases, 0 deaths",JHU
251,AFR::GHA,2019-01-28,2019-02-03,0.0,0.0,,,2019-02-03,29,UNICEF Country Programme Report (UID: 5109),0.9,"Converted from JHU database. Primary: True, Phantom: False - JHU reported 0 cases, 0 deaths",JHU
252,AFR::GHA,2019-02-04,2019-02-10,0.0,0.0,,,2019-02-10,29,UNICEF Country Programme Report (UID: 5109),0.9,"Converted from JHU database. Primary: True, Phantom: False - JHU reported 0 cases, 0 deaths",JHU
253,AFR::GHA,2019-02-11,2019-02-17,0.0,0.0,,,2019-02-17,29,UNICEF Country Programme Report (UID: 5109),0.9,"Converted from JHU database. Primary: True, Phantom: False - JHU reported 0 cases, 0 deaths",JHU
254,AFR::GHA,2019-02-18,2019-02-24,0.0,0.0,,,2019-02-24,29,UNICEF Country Programme Report (UID: 5109),0.9,"Converted from JHU database. Primary: True, Phantom: False - JHU reported 0 cases, 0 deaths",JHU
255,AFR::GHA,2019-02-25,2019-03-03,0.0,0.0,,,2019-03-03,29,UNICEF Country Programme Report (UID: 5109),0.9,"Converted from JHU database. Primary: True, Phantom: False - JHU reported 0 cases, 0 deaths",JHU
256,AFR::GHA,2019-03-04,2019-03-10,0.0,0.0,,,2019-03-10,29,UNICEF Country Programme Report (UID: 5109),0.9,"Converted from JHU database. Primary: True, Phantom: False - JHU reported 0 cases, 0 deaths",JHU
257,AFR::GHA,2019-03-11,2019-03-17,0.0,0.0,,,2019-03-17,29,UNICEF Country Programme Report (UID: 5109),0.9,"Converted from JHU database. Primary: True, Phantom: False - JHU reported 0 cases, 0 deaths",JHU
258,AFR::GHA,2019-03-18,2019-03-24,0.0,0.0,,,2019-03-24,29,UNICEF Country Programme Report (UID: 5109),0.9,"Converted from JHU database. Primary: True, Phantom: False - JHU reported 0 cases, 0 deaths",JHU
259,AFR::GHA,2019-03-25,2019-03-31,0.0,0.0,,,2019-03-31,29,UNICEF Country Programme Report (UID: 5109),0.9,"Converted from JHU database. Primary: True, Phantom: False - JHU reported 0 cases, 0 deaths",JHU
260,AFR::GHA,2019-04-01,2019-04-07,0.0,0.0,,,2019-04-07,29,UNICEF Country Programme Report (UID: 5109),0.9,"Converted from JHU database. Primary: True, Phantom: False - JHU reported 0 cases, 0 deaths",JHU
261,AFR::GHA,2019-04-08,2019-04-14,0.0,0.0,,,2019-04-14,29,UNICEF Country Programme Report (UID: 5109),0.9,"Converted from JHU database. Primary: True, Phantom: False - JHU reported 0 cases, 0 deaths",JHU
262,AFR::GHA,2019-04-15,2019-04-21,0.0,0.0,,,2019-04-21,29,UNICEF Country Programme Report (UID: 5109),0.9,"Converted from JHU database. Primary: True, Phantom: False - JHU reported 0 cases, 0 deaths",JHU
263,AFR::GHA,2019-04-22,2019-04-28,0.0,0.0,,,2019-04-28,29,UNICEF Country Programme Report (UID: 5109),0.9,"Converted from JHU database. Primary: True, Phantom: False - JHU reported 0 cases, 0 deaths",JHU
264,AFR::GHA,2019-04-29,2019-05-05,0.0,0.0,,,2019-05-05,29,UNICEF Country Programme Report (UID: 5109),0.9,"Converted from JHU database. Primary: True, Phantom: False - JHU reported 0 cases, 0 deaths",JHU
265,AFR::GHA,2019-05-06,2019-05-12,0.0,0.0,,,2019-05-12,29,UNICEF Country Programme Report (UID: 5109),0.9,"Converted from JHU database. Primary: True, Phantom: False - JHU reported 0 cases, 0 deaths",JHU
266,AFR::GHA,2019-05-13,2019-05-19,0.0,0.0,,,2019-05-19,29,UNICEF Country Programme Report (UID: 5109),0.9,"Converted from JHU database. Primary: True, Phantom: False - JHU reported 0 cases, 0 deaths",JHU
267,AFR::GHA,2019-05-20,2019-05-26,0.0,0.0,,,2019-05-26,29,UNICEF Country Programme Report (UID: 5109),0.9,"Converted from JHU database. Primary: True, Phantom: False - JHU reported 0 cases, 0 deaths",JHU
268,AFR::GHA,2019-05-27,2019-06-02,0.0,0.0,,,2019-06-02,29,UNICEF Country Programme Report (UID: 5109),0.9,"Converted from JHU database. Primary: True, Phantom: False - JHU reported 0 cases, 0 deaths",JHU
269,AFR::GHA,2019-06-03,2019-06-09,0.0,0.0,,,2019-06-09,29,UNICEF Country Programme Report (UID: 5109),0.9,"Converted from JHU database. Primary: True, Phantom: False - JHU reported 0 cases, 0 deaths",JHU
270,AFR::GHA,2019-06-10,2019-06-16,0.0,0.0,,,2019-06-16,29,UNICEF Country Programme Report (UID: 5109),0.9,"Converted from JHU database. Primary: True, Phantom: False - JHU reported 0 cases, 0 deaths",JHU
271,AFR::GHA,2019-06-17,2019-06-23,0.0,0.0,,,2019-06-23,29,UNICEF Country Programme Report (UID: 5109),0.9,"Converted from JHU database. Primary: True, Phantom: False - JHU reported 0 cases, 0 deaths",JHU
272,AFR::GHA,2019-06-24,2019-06-30,0.0,0.0,,,2019-06-30,29,UNICEF Country Programme Report (UID: 5109),0.9,"Converted from JHU database. Primary: True, Phantom: False - JHU reported 0 cases, 0 deaths",JHU
273,AFR::GHA,2019-07-01,2019-07-07,0.0,0.0,,,2019-07-07,29,UNICEF Country Programme Report (UID: 5109),0.9,"Converted from JHU database. Primary: True, Phantom: False - JHU reported 0 cases, 0 deaths",JHU
274,AFR::GHA,2019-07-08,2019-07-14,0.0,0.0,,,2019-07-14,29,UNICEF Country Programme Report (UID: 5109),0.9,"Converted from JHU database. Primary: True, Phantom: False - JHU reported 0 cases, 0 deaths",JHU
275,AFR::GHA,2019-07-15,2019-07-21,0.0,0.0,,,2019-07-21,29,UNICEF Country Programme Report (UID: 5109),0.9,"Converted from JHU database. Primary: True, Phantom: False - JHU reported 0 cases, 0 deaths",JHU
276,AFR::GHA,2019-07-22,2019-07-28,0.0,0.0,,,2019-07-28,29,UNICEF Country Programme Report (UID: 5109),0.9,"Converted from JHU database. Primary: True, Phantom: False - JHU reported 0 cases, 0 deaths",JHU
277,AFR::GHA,2019-07-29,2019-08-04,0.0,0.0,,,2019-08-04,29,UNICEF Country Programme Report (UID: 5109),0.9,"Converted from JHU database. Primary: True, Phantom: False - JHU reported 0 cases, 0 deaths",JHU
278,AFR::GHA,2019-08-05,2019-08-11,0.0,0.0,,,2019-08-11,29,UNICEF Country Programme Report (UID: 5109),0.9,"Converted from JHU database. Primary: True, Phantom: False - JHU reported 0 cases, 0 deaths",JHU
279,AFR::GHA,2019-08-12,2019-08-18,0.0,0.0,,,2019-08-18,29,UNICEF Country Programme Report (UID: 5109),0.9,"Converted from JHU database. Primary: True, Phantom: False - JHU reported 0 cases, 0 deaths",JHU
280,AFR::GHA,2019-08-19,2019-08-25,0.0,0.0,,,2019-08-25,29,UNICEF Country Programme Report (UID: 5109),0.9,"Converted from JHU database. Primary: True, Phantom: False - JHU reported 0 cases, 0 deaths",JHU
281,AFR::GHA,2019-08-26,2019-09-01,0.0,0.0,,,2019-09-01,29,UNICEF Country Programme Report (UID: 5109),0.9,"Converted from JHU database. Primary: True, Phantom: False - JHU reported 0 cases, 0 deaths",JHU
282,AFR::GHA,2019-09-02,2019-09-08,0.0,0.0,,,2019-09-08,29,UNICEF Country Programme Report (UID: 5109),0.9,"Converted from JHU database. Primary: True, Phantom: False - JHU reported 0 cases, 0 deaths",JHU
283,AFR::GHA,2019-09-09,2019-09-15,0.0,0.0,,,2019-09-15,29,UNICEF Country Programme Report (UID: 5109),0.9,"Converted from JHU database. Primary: True, Phantom: False - JHU reported 0 cases, 0 deaths",JHU
284,AFR::GHA,2019-09-16,2019-09-22,0.0,0.0,,,2019-09-22,29,UNICEF Country Programme Report (UID: 5109),0.9,"Converted from JHU database. Primary: True, Phantom: False - JHU reported 0 cases, 0 deaths",JHU
285,AFR::GHA,2019-09-23,2019-09-29,0.0,0.0,,,2019-09-29,29,UNICEF Country Programme Report (UID: 5109),0.9,"Converted from JHU database. Primary: True, Phantom: False - JHU reported 0 cases, 0 deaths",JHU
286,AFR::GHA,2019-09-30,2019-10-06,0.0,0.0,,,2019-10-06,29,UNICEF Country Programme Report (UID: 5109),0.9,"Converted from JHU database. Primary: True, Phantom: False - JHU reported 0 cases, 0 deaths",JHU
287,AFR::GHA,2019-10-07,2019-10-13,0.0,0.0,,,2019-10-13,29,UNICEF Country Programme Report (UID: 5109),0.9,"Converted from JHU database. Primary: True, Phantom: False - JHU reported 0 cases, 0 deaths",JHU
288,AFR::GHA,2019-10-14,2019-10-20,0.0,0.0,,,2019-10-20,29,UNICEF Country Programme Report (UID: 5109),0.9,"Converted from JHU database. Primary: True, Phantom: False - JHU reported 0 cases, 0 deaths",JHU
289,AFR::GHA,2019-10-21,2019-10-27,0.0,0.0,,,2019-10-27,29,UNICEF Country Programme Report (UID: 5109),0.9,"Converted from JHU database. Primary: True, Phantom: False - JHU reported 0 cases, 0 deaths",JHU
290,AFR::GHA,2019-10-28,2019-11-03,0.0,0.0,,,2019-11-03,29,UNICEF Country Programme Report (UID: 5109),0.9,"Converted from JHU database. Primary: True, Phantom: False - JHU reported 0 cases, 0 deaths",JHU
291,AFR::GHA,2019-11-04,2019-11-10,0.0,0.0,,,2019-11-10,29,UNICEF Country Programme Report (UID: 5109),0.9,"Converted from JHU database. Primary: True, Phantom: False - JHU reported 0 cases, 0 deaths",JHU
292,AFR::GHA,2019-11-11,2019-11-17,0.0,0.0,,,2019-11-17,29,UNICEF Country Programme Report (UID: 5109),0.9,"Converted from JHU database. Primary: True, Phantom: False - JHU reported 0 cases, 0 deaths",JHU
293,AFR::GHA,2019-11-18,2019-11-24,0.0,0.0,,,2019-11-24,29,UNICEF Country Programme Report (UID: 5109),0.9,"Converted from JHU database. Primary: True, Phantom: False - JHU reported 0 cases, 0 deaths",JHU
294,AFR::GHA,2019-11-25,2019-12-01,0.0,0.0,,,2019-12-01,29,UNICEF Country Programme Report (UID: 5109),0.9,"Converted from JHU database. Primary: True, Phantom: False - JHU reported 0 cases, 0 deaths",JHU
295,AFR::GHA,2019-12-02,2019-12-08,0.0,0.0,,,2019-12-08,29,UNICEF Country Programme Report (UID: 5109),0.9,"Converted from JHU database. Primary: True, Phantom: False - JHU reported 0 cases, 0 deaths",JHU
296,AFR::GHA,2019-12-09,2019-12-15,0.0,0.0,,,2019-12-15,29,UNICEF Country Programme Report (UID: 5109),0.9,"Converted from JHU database. Primary: True, Phantom: False - JHU reported 0 cases, 0 deaths",JHU
297,AFR::GHA,2019-12-16,2019-12-22,0.0,0.0,,,2019-12-22,29,UNICEF Country Programme Report (UID: 5109),0.9,"Converted from JHU database. Primary: True, Phantom: False - JHU reported 0 cases, 0 deaths",JHU
298,AFR::GHA,2019-12-23,2019-12-29,0.0,0.0,,,2019-12-29,29,UNICEF Country Programme Report (UID: 5109),0.9,"Converted from JHU database. Primary: True, Phantom: False - JHU reported 0 cases, 0 deaths",JHU
299,AFR::GHA,2016-08-29,2016-09-04,,0.0,,,2016-09-04,29,UNICEF Country Programme Report (UID: 5109),0.9,"Converted from JHU database. Primary: True, Phantom: False - JHU reported 0 cases",JHU
300,AFR::GHA,2016-09-05,2016-09-11,,2.0,,,2016-09-11,29,UNICEF Country Programme Report (UID: 5109),0.9,"Converted from JHU database. Primary: True, Phantom: False - JHU reported 2 cases",JHU
301,AFR::GHA,2016-09-12,2016-09-18,,0.0,,,2016-09-18,29,UNICEF Country Programme Report (UID: 5109),0.9,"Converted from JHU database. Primary: True, Phantom: False - JHU reported 0 cases",JHU
302,AFR::GHA,2016-09-19,2016-09-25,,0.0,,,2016-09-25,29,UNICEF Country Programme Report (UID: 5109),0.9,"Converted from JHU database. Primary: True, Phantom: False - JHU reported 0 cases",JHU
303,AFR::GHA,2016-09-26,2016-10-02,,0.0,,,2016-10-02,29,UNICEF Country Programme Report (UID: 5109),0.9,"Converted from JHU database. Primary: True, Phantom: False - JHU reported 0 cases",JHU
304,AFR::GHA,2016-10-03,2016-10-09,,0.0,,,2016-10-09,29,UNICEF Country Programme Report (UID: 5109),0.9,"Converted from JHU database. Primary: True, Phantom: False - JHU reported 0 cases",JHU
305,AFR::GHA,2016-10-10,2016-10-16,,3.0,,,2016-10-16,29,UNICEF Country Programme Report (UID: 5109),0.9,"Converted from JHU database. Primary: True, Phantom: False - JHU reported 3 cases",JHU
306,AFR::GHA,2016-10-17,2016-10-23,,114.0,,,2016-10-23,29,UNICEF Country Programme Report (UID: 5109),0.9,"Converted from JHU database. Primary: True, Phantom: False - JHU reported 114 cases",JHU
307,AFR::GHA,2016-10-24,2016-10-30,,112.0,,,2016-10-30,29,UNICEF Country Programme Report (UID: 5109),0.9,"Converted from JHU database. Primary: True, Phantom: False - JHU reported 112 cases",JHU
308,AFR::GHA,2016-10-31,2016-11-06,,131.0,,,2016-11-06,29,UNICEF Country Programme Report (UID: 5109),0.9,"Converted from JHU database. Primary: True, Phantom: False - JHU reported 131 cases",JHU
309,AFR::GHA,2016-11-07,2016-11-13,,151.0,,,2016-11-13,29,UNICEF Country Programme Report (UID: 5109),0.9,"Converted from JHU database. Primary: True, Phantom: False - JHU reported 151 cases",JHU
310,AFR::GHA,2016-11-14,2016-11-20,,61.0,,,2016-11-20,29,UNICEF Country Programme Report (UID: 5109),0.9,"Converted from JHU database. Primary: True, Phantom: False - JHU reported 61 cases",JHU
311,AFR::GHA,2016-11-21,2016-11-27,,26.0,,,2016-11-27,29,UNICEF Country Programme Report (UID: 5109),0.9,"Converted from JHU database. Primary: True, Phantom: False - JHU reported 26 cases",JHU
312,AFR::GHA,2016-12-12,2016-12-18,,16.0,,,2016-12-18,29,UNICEF Country Programme Report (UID: 5109),0.9,"Converted from JHU database. Primary: True, Phantom: False - JHU reported 16 cases",JHU
313,AFR::GHA,2016-12-19,2016-12-25,,3.0,,,2016-12-25,29,UNICEF Country Programme Report (UID: 5109),0.9,"Converted from JHU database. Primary: True, Phantom: False - JHU reported 3 cases",JHU
314,AFR::GHA,2016-01-01,2016-12-25,,740.0,,,2016-12-25,29,UNICEF Country Programme Report (UID: 5109),0.9,"Converted from JHU database. Primary: True, Phantom: False - JHU reported 740 cases",JHU
315,AFR::GHA,2017-01-01,2017-01-08,,0.0,,,2017-01-08,29,UNICEF Country Programme Report (UID: 5109),0.9,"Converted from JHU database. Primary: True, Phantom: False - JHU reported 0 cases",JHU
316,AFR::GHA,2017-01-01,2017-01-01,,2.0,,,2017-01-01,29,UNICEF Country Programme Report (UID: 5109),0.9,"Converted from JHU database. Primary: True, Phantom: False - JHU reported 2 cases",JHU
317,AFR::GHA,2017-01-02,2017-01-08,,4.0,,,2017-01-08,29,UNICEF Country Programme Report (UID: 5109),0.9,"Converted from JHU database. Primary: True, Phantom: False - JHU reported 4 cases",JHU
318,AFR::GHA,2017-01-09,2017-01-15,,0.0,,,2017-01-15,29,UNICEF Country Programme Report (UID: 5109),0.9,"Converted from JHU database. Primary: True, Phantom: False - JHU reported 0 cases",JHU
319,AFR::GHA,2017-01-16,2017-01-22,,0.0,,,2017-01-22,29,UNICEF Country Programme Report (UID: 5109),0.9,"Converted from JHU database. Primary: True, Phantom: False - JHU reported 0 cases",JHU
320,AFR::GHA,2017-01-01,2017-01-22,,6.0,,,2017-01-22,29,UNICEF Country Programme Report (UID: 5109),0.9,"Converted from JHU database. Primary: True, Phantom: False - JHU reported 6 cases",JHU
321,AFR::GHA,2017-01-23,2017-01-29,,0.0,,,2017-01-29,29,UNICEF Country Programme Report (UID: 5109),0.9,"Converted from JHU database. Primary: True, Phantom: False - JHU reported 0 cases",JHU
322,AFR::GHA,2017-01-30,2017-02-05,,0.0,,,2017-02-05,29,UNICEF Country Programme Report (UID: 5109),0.9,"Converted from JHU database. Primary: True, Phantom: False - JHU reported 0 cases",JHU
323,AFR::GHA,2017-02-06,2017-02-12,,0.0,,,2017-02-12,29,UNICEF Country Programme Report (UID: 5109),0.9,"Converted from JHU database. Primary: True, Phantom: False - JHU reported 0 cases",JHU
324,AFR::GHA,2017-02-13,2017-02-19,,0.0,,,2017-02-19,29,UNICEF Country Programme Report (UID: 5109),0.9,"Converted from JHU database. Primary: True, Phantom: False - JHU reported 0 cases",JHU
325,AFR::GHA,2017-02-20,2017-02-26,,2.0,,,2017-02-26,29,UNICEF Country Programme Report (UID: 5109),0.9,"Converted from JHU database. Primary: True, Phantom: False - JHU reported 2 cases",JHU
326,AFR::GHA,2017-02-27,2017-03-05,,0.0,,,2017-03-05,29,UNICEF Country Programme Report (UID: 5109),0.9,"Converted from JHU database. Primary: True, Phantom: False - JHU reported 0 cases",JHU
327,AFR::GHA,2017-03-06,2017-03-12,,0.0,,,2017-03-12,29,UNICEF Country Programme Report (UID: 5109),0.9,"Converted from JHU database. Primary: True, Phantom: False - JHU reported 0 cases",JHU
328,AFR::GHA,2017-03-13,2017-03-19,,0.0,,,2017-03-19,29,UNICEF Country Programme Report (UID: 5109),0.9,"Converted from JHU database. Primary: True, Phantom: False - JHU reported 0 cases",JHU
329,AFR::GHA,2017-03-20,2017-03-26,,0.0,,,2017-03-26,29,UNICEF Country Programme Report (UID: 5109),0.9,"Converted from JHU database. Primary: True, Phantom: False - JHU reported 0 cases",JHU
330,AFR::GHA,2017-03-27,2017-04-02,,0.0,,,2017-04-02,29,UNICEF Country Programme Report (UID: 5109),0.9,"Converted from JHU database. Primary: True, Phantom: False - JHU reported 0 cases",JHU
331,AFR::GHA,2017-04-03,2017-04-09,,0.0,,,2017-04-09,29,UNICEF Country Programme Report (UID: 5109),0.9,"Converted from JHU database. Primary: True, Phantom: False - JHU reported 0 cases",JHU
332,AFR::GHA,2016-01-01,2016-04-17,,1.0,,,2016-04-17,29,UNICEF Country Programme Report (UID: 5109),0.9,"Converted from JHU database. Primary: True, Phantom: False - JHU reported 1 cases",JHU
333,AFR::GHA,2017-04-10,2017-04-16,,0.0,,,2017-04-16,29,UNICEF Country Programme Report (UID: 5109),0.9,"Converted from JHU database. Primary: True, Phantom: False - JHU reported 0 cases",JHU
334,AFR::GHA,2017-04-17,2017-04-23,,0.0,,,2017-04-23,29,UNICEF Country Programme Report (UID: 5109),0.9,"Converted from JHU database. Primary: True, Phantom: False - JHU reported 0 cases",JHU
335,AFR::GHA,2017-04-24,2017-04-30,,2.0,,,2017-04-30,29,UNICEF Country Programme Report (UID: 5109),0.9,"Converted from JHU database. Primary: True, Phantom: False - JHU reported 2 cases",JHU
336,AFR::GHA,2017-05-01,2017-05-07,,0.0,,,2017-05-07,29,UNICEF Country Programme Report (UID: 5109),0.9,"Converted from JHU database. Primary: True, Phantom: False - JHU reported 0 cases",JHU
337,AFR::GHA,2017-05-08,2017-05-14,,0.0,,,2017-05-14,29,UNICEF Country Programme Report (UID: 5109),0.9,"Converted from JHU database. Primary: True, Phantom: False - JHU reported 0 cases",JHU
338,AFR::GHA,2017-05-15,2017-05-21,,2.0,,,2017-05-21,29,UNICEF Country Programme Report (UID: 5109),0.9,"Converted from JHU database. Primary: True, Phantom: False - JHU reported 2 cases",JHU
339,AFR::GHA,2017-05-22,2017-05-28,,0.0,,,2017-05-28,29,UNICEF Country Programme Report (UID: 5109),0.9,"Converted from JHU database. Primary: True, Phantom: False - JHU reported 0 cases",JHU
340,AFR::GHA,2017-05-29,2017-06-04,,0.0,,,2017-06-04,29,UNICEF Country Programme Report (UID: 5109),0.9,"Converted from JHU database. Primary: True, Phantom: False - JHU reported 0 cases",JHU
341,AFR::GHA,2017-06-05,2017-06-11,,0.0,,,2017-06-11,29,UNICEF Country Programme Report (UID: 5109),0.9,"Converted from JHU database. Primary: True, Phantom: False - JHU reported 0 cases",JHU
342,AFR::GHA,2017-06-12,2017-06-18,,0.0,,,2017-06-18,29,UNICEF Country Programme Report (UID: 5109),0.9,"Converted from JHU database. Primary: True, Phantom: False - JHU reported 0 cases",JHU
343,AFR::GHA,2017-06-19,2017-06-25,,0.0,,,2017-06-25,29,UNICEF Country Programme Report (UID: 5109),0.9,"Converted from JHU database. Primary: True, Phantom: False - JHU reported 0 cases",JHU
344,AFR::GHA,2017-06-26,2017-07-02,,0.0,,,2017-07-02,29,UNICEF Country Programme Report (UID: 5109),0.9,"Converted from JHU database. Primary: True, Phantom: False - JHU reported 0 cases",JHU
345,AFR::GHA,2017-07-03,2017-07-09,,0.0,,,2017-07-09,29,UNICEF Country Programme Report (UID: 5109),0.9,"Converted from JHU database. Primary: True, Phantom: False - JHU reported 0 cases",JHU
346,AFR::GHA,2017-07-10,2017-07-16,,0.0,,,2017-07-16,29,UNICEF Country Programme Report (UID: 5109),0.9,"Converted from JHU database. Primary: True, Phantom: False - JHU reported 0 cases",JHU
347,AFR::GHA,2017-07-17,2017-07-23,,0.0,,,2017-07-23,29,UNICEF Country Programme Report (UID: 5109),0.9,"Converted from JHU database. Primary: True, Phantom: False - JHU reported 0 cases",JHU
348,AFR::GHA,2017-07-24,2017-07-30,,0.0,,,2017-07-30,29,UNICEF Country Programme Report (UID: 5109),0.9,"Converted from JHU database. Primary: True, Phantom: False - JHU reported 0 cases",JHU
349,AFR::GHA,2017-07-31,2017-08-06,,0.0,,,2017-08-06,29,UNICEF Country Programme Report (UID: 5109),0.9,"Converted from JHU database. Primary: True, Phantom: False - JHU reported 0 cases",JHU
350,AFR::GHA,2017-08-07,2017-08-13,,0.0,,,2017-08-13,29,UNICEF Country Programme Report (UID: 5109),0.9,"Converted from JHU database. Primary: True, Phantom: False - JHU reported 0 cases",JHU
351,AFR::GHA,2017-08-14,2017-08-20,,0.0,,,2017-08-20,29,UNICEF Country Programme Report (UID: 5109),0.9,"Converted from JHU database. Primary: True, Phantom: False - JHU reported 0 cases",JHU
352,AFR::GHA,2017-08-21,2017-08-27,,0.0,,,2017-08-27,29,UNICEF Country Programme Report (UID: 5109),0.9,"Converted from JHU database. Primary: True, Phantom: False - JHU reported 0 cases",JHU
353,AFR::GHA,2017-08-28,2017-09-03,,0.0,,,2017-09-03,29,UNICEF Country Programme Report (UID: 5109),0.9,"Converted from JHU database. Primary: True, Phantom: False - JHU reported 0 cases",JHU
354,AFR::GHA,2017-09-04,2017-09-10,,1.0,,,2017-09-10,29,UNICEF Country Programme Report (UID: 5109),0.9,"Converted from JHU database. Primary: True, Phantom: False - JHU reported 1 cases",JHU
355,AFR::GHA,2017-09-11,2017-09-17,,0.0,,,2017-09-17,29,UNICEF Country Programme Report (UID: 5109),0.9,"Converted from JHU database. Primary: True, Phantom: False - JHU reported 0 cases",JHU
356,AFR::GHA,2017-09-18,2017-09-24,,0.0,,,2017-09-24,29,UNICEF Country Programme Report (UID: 5109),0.9,"Converted from JHU database. Primary: True, Phantom: False - JHU reported 0 cases",JHU
357,AFR::GHA,2017-09-25,2017-10-01,,0.0,,,2017-10-01,29,UNICEF Country Programme Report (UID: 5109),0.9,"Converted from JHU database. Primary: False, Phantom: False - JHU reported 0 cases",JHU
358,AFR::GHA,2017-10-02,2017-10-08,,0.0,,,2017-10-08,29,UNICEF Country Programme Report (UID: 5109),0.9,"Converted from JHU database. Primary: False, Phantom: False - JHU reported 0 cases",JHU
359,AFR::GHA,2017-10-09,2017-10-15,,0.0,,,2017-10-15,29,UNICEF Country Programme Report (UID: 5109),0.9,"Converted from JHU database. Primary: False, Phantom: False - JHU reported 0 cases",JHU
360,AFR::GHA,2017-10-16,2017-10-22,,0.0,,,2017-10-22,29,UNICEF Country Programme Report (UID: 5109),0.9,"Converted from JHU database. Primary: False, Phantom: False - JHU reported 0 cases",JHU
361,AFR::GHA,2017-10-23,2017-10-29,,0.0,,,2017-10-29,29,UNICEF Country Programme Report (UID: 5109),0.9,"Converted from JHU database. Primary: False, Phantom: False - JHU reported 0 cases",JHU
362,AFR::GHA,2017-10-30,2017-11-05,,0.0,,,2017-11-05,29,UNICEF Country Programme Report (UID: 5109),0.9,"Converted from JHU database. Primary: False, Phantom: False - JHU reported 0 cases",JHU
363,AFR::GHA,2017-11-06,2017-11-12,,0.0,,,2017-11-12,29,UNICEF Country Programme Report (UID: 5109),0.9,"Converted from JHU database. Primary: False, Phantom: False - JHU reported 0 cases",JHU
364,AFR::GHA,2017-11-13,2017-11-19,,0.0,,,2017-11-19,29,UNICEF Country Programme Report (UID: 5109),0.9,"Converted from JHU database. Primary: False, Phantom: False - JHU reported 0 cases",JHU
365,AFR::GHA,2015-01-01,2015-12-27,,687.0,,,2015-12-27,29,UNICEF Country Programme Report (UID: 5109),0.9,"Converted from JHU database. Primary: True, Phantom: False - JHU reported 687 cases",JHU
366,AFR::GHA,2015-01-01,2015-04-05,,547.0,,,2015-04-05,29,UNICEF Country Programme Report (UID: 5109),0.9,"Converted from JHU database. Primary: True, Phantom: False - JHU reported 547 cases",JHU
367,AFR::GHA,2016-01-01,2016-01-03,,0.0,,,2016-01-03,29,UNICEF Country Programme Report (UID: 5109),0.9,"Converted from JHU database. Primary: True, Phantom: False - JHU reported 0 cases",JHU
368,AFR::GHA,2016-01-04,2016-01-10,,0.0,,,2016-01-10,29,UNICEF Country Programme Report (UID: 5109),0.9,"Converted from JHU database. Primary: True, Phantom: False - JHU reported 0 cases",JHU
369,AFR::GHA,2016-01-11,2016-01-17,,0.0,,,2016-01-17,29,UNICEF Country Programme Report (UID: 5109),0.9,"Converted from JHU database. Primary: True, Phantom: False - JHU reported 0 cases",JHU
370,AFR::GHA,2016-01-18,2016-01-24,,0.0,,,2016-01-24,29,UNICEF Country Programme Report (UID: 5109),0.9,"Converted from JHU database. Primary: True, Phantom: False - JHU reported 0 cases",JHU
371,AFR::GHA,2016-01-25,2016-01-31,,0.0,,,2016-01-31,29,UNICEF Country Programme Report (UID: 5109),0.9,"Converted from JHU database. Primary: True, Phantom: False - JHU reported 0 cases",JHU
372,AFR::GHA,2016-02-01,2016-02-07,,0.0,,,2016-02-07,29,UNICEF Country Programme Report (UID: 5109),0.9,"Converted from JHU database. Primary: True, Phantom: False - JHU reported 0 cases",JHU
373,AFR::GHA,2016-02-08,2016-02-14,,0.0,,,2016-02-14,29,UNICEF Country Programme Report (UID: 5109),0.9,"Converted from JHU database. Primary: True, Phantom: False - JHU reported 0 cases",JHU
374,AFR::GHA,2016-02-15,2016-02-21,,0.0,,,2016-02-21,29,UNICEF Country Programme Report (UID: 5109),0.9,"Converted from JHU database. Primary: True, Phantom: False - JHU reported 0 cases",JHU
375,AFR::GHA,2016-02-22,2016-02-28,,0.0,,,2016-02-28,29,UNICEF Country Programme Report (UID: 5109),0.9,"Converted from JHU database. Primary: True, Phantom: False - JHU reported 0 cases",JHU
376,AFR::GHA,2016-02-29,2016-03-06,,0.0,,,2016-03-06,29,UNICEF Country Programme Report (UID: 5109),0.9,"Converted from JHU database. Primary: True, Phantom: False - JHU reported 0 cases",JHU
377,AFR::GHA,2016-03-07,2016-03-13,,0.0,,,2016-03-13,29,UNICEF Country Programme Report (UID: 5109),0.9,"Converted from JHU database. Primary: True, Phantom: False - JHU reported 0 cases",JHU
378,AFR::GHA,2016-03-14,2016-03-20,,0.0,,,2016-03-20,29,UNICEF Country Programme Report (UID: 5109),0.9,"Converted from JHU database. Primary: True, Phantom: False - JHU reported 0 cases",JHU
379,AFR::GHA,2016-03-21,2016-03-27,,0.0,,,2016-03-27,29,UNICEF Country Programme Report (UID: 5109),0.9,"Converted from JHU database. Primary: True, Phantom: False - JHU reported 0 cases",JHU
380,AFR::GHA,2016-03-28,2016-04-03,,0.0,,,2016-04-03,29,UNICEF Country Programme Report (UID: 5109),0.9,"Converted from JHU database. Primary: True, Phantom: False - JHU reported 0 cases",JHU
381,AFR::GHA,2016-04-04,2016-04-10,,0.0,,,2016-04-10,29,UNICEF Country Programme Report (UID: 5109),0.9,"Converted from JHU database. Primary: True, Phantom: False - JHU reported 0 cases",JHU
382,AFR::GHA,2016-04-11,2016-04-17,,0.0,,,2016-04-17,29,UNICEF Country Programme Report (UID: 5109),0.9,"Converted from JHU database. Primary: True, Phantom: False - JHU reported 0 cases",JHU
383,AFR::GHA,2016-04-18,2016-04-24,,0.0,,,2016-04-24,29,UNICEF Country Programme Report (UID: 5109),0.9,"Converted from JHU database. Primary: True, Phantom: False - JHU reported 0 cases",JHU
384,AFR::GHA,2016-04-25,2016-05-01,,0.0,,,2016-05-01,29,UNICEF Country Programme Report (UID: 5109),0.9,"Converted from JHU database. Primary: True, Phantom: False - JHU reported 0 cases",JHU
385,AFR::GHA,2016-05-02,2016-05-08,,0.0,,,2016-05-08,29,UNICEF Country Programme Report (UID: 5109),0.9,"Converted from JHU database. Primary: True, Phantom: False - JHU reported 0 cases",JHU
386,AFR::GHA,2016-05-09,2016-05-15,,0.0,,,2016-05-15,29,UNICEF Country Programme Report (UID: 5109),0.9,"Converted from JHU database. Primary: True, Phantom: False - JHU reported 0 cases",JHU
387,AFR::GHA,2016-05-16,2016-05-22,,0.0,,,2016-05-22,29,UNICEF Country Programme Report (UID: 5109),0.9,"Converted from JHU database. Primary: True, Phantom: False - JHU reported 0 cases",JHU
388,AFR::GHA,2016-05-23,2016-05-29,,0.0,,,2016-05-29,29,UNICEF Country Programme Report (UID: 5109),0.9,"Converted from JHU database. Primary: True, Phantom: False - JHU reported 0 cases",JHU
389,AFR::GHA,2016-05-30,2016-06-05,,0.0,,,2016-06-05,29,UNICEF Country Programme Report (UID: 5109),0.9,"Converted from JHU database. Primary: True, Phantom: False - JHU reported 0 cases",JHU
390,AFR::GHA,2016-06-06,2016-06-12,,0.0,,,2016-06-12,29,UNICEF Country Programme Report (UID: 5109),0.9,"Converted from JHU database. Primary: True, Phantom: False - JHU reported 0 cases",JHU
391,AFR::GHA,2016-06-13,2016-06-19,,0.0,,,2016-06-19,29,UNICEF Country Programme Report (UID: 5109),0.9,"Converted from JHU database. Primary: True, Phantom: False - JHU reported 0 cases",JHU
392,AFR::GHA,2016-06-20,2016-06-26,,0.0,,,2016-06-26,29,UNICEF Country Programme Report (UID: 5109),0.9,"Converted from JHU database. Primary: True, Phantom: False - JHU reported 0 cases",JHU
393,AFR::GHA,2016-06-27,2016-07-03,,0.0,,,2016-07-03,29,UNICEF Country Programme Report (UID: 5109),0.9,"Converted from JHU database. Primary: True, Phantom: False - JHU reported 0 cases",JHU
394,AFR::GHA,2016-07-04,2016-07-10,,0.0,,,2016-07-10,29,UNICEF Country Programme Report (UID: 5109),0.9,"Converted from JHU database. Primary: True, Phantom: False - JHU reported 0 cases",JHU
395,AFR::GHA,2016-07-11,2016-07-17,,0.0,,,2016-07-17,29,UNICEF Country Programme Report (UID: 5109),0.9,"Converted from JHU database. Primary: True, Phantom: False - JHU reported 0 cases",JHU
396,AFR::GHA,2016-07-18,2016-07-24,,0.0,,,2016-07-24,29,UNICEF Country Programme Report (UID: 5109),0.9,"Converted from JHU database. Primary: True, Phantom: False - JHU reported 0 cases",JHU
397,AFR::GHA,2016-07-25,2016-07-31,,0.0,,,2016-07-31,29,UNICEF Country Programme Report (UID: 5109),0.9,"Converted from JHU database. Primary: True, Phantom: False - JHU reported 0 cases",JHU
398,AFR::GHA,2016-08-01,2016-08-07,,0.0,,,2016-08-07,29,UNICEF Country Programme Report (UID: 5109),0.9,"Converted from JHU database. Primary: True, Phantom: False - JHU reported 0 cases",JHU
399,AFR::GHA,2016-08-08,2016-08-14,,1.0,,,2016-08-14,29,UNICEF Country Programme Report (UID: 5109),0.9,"Converted from JHU database. Primary: True, Phantom: False - JHU reported 1 cases",JHU
400,AFR::GHA,2016-08-15,2016-08-21,,0.0,,,2016-08-21,29,UNICEF Country Programme Report (UID: 5109),0.9,"Converted from JHU database. Primary: True, Phantom: False - JHU reported 0 cases",JHU
401,AFR::GHA,2016-08-22,2016-08-28,,0.0,,,2016-08-28,29,UNICEF Country Programme Report (UID: 5109),0.9,"Converted from JHU database. Primary: True, Phantom: False - JHU reported 0 cases",JHU
402,AFR::GHA,2016-08-29,2016-09-04,,0.0,,,2016-09-04,29,UNICEF Country Programme Report (UID: 5109),0.9,"Converted from JHU database. Primary: False, Phantom: False - JHU reported 0 cases",JHU
403,AFR::GHA,2016-09-05,2016-09-11,,2.0,,,2016-09-11,29,UNICEF Country Programme Report (UID: 5109),0.9,"Converted from JHU database. Primary: False, Phantom: False - JHU reported 2 cases",JHU
404,AFR::GHA,2016-09-12,2016-09-18,,0.0,,,2016-09-18,29,UNICEF Country Programme Report (UID: 5109),0.9,"Converted from JHU database. Primary: False, Phantom: False - JHU reported 0 cases",JHU
405,AFR::GHA,2016-09-19,2016-09-25,,0.0,,,2016-09-25,29,UNICEF Country Programme Report (UID: 5109),0.9,"Converted from JHU database. Primary: False, Phantom: False - JHU reported 0 cases",JHU
406,AFR::GHA,2016-09-26,2016-10-02,,0.0,,,2016-10-02,29,UNICEF Country Programme Report (UID: 5109),0.9,"Converted from JHU database. Primary: False, Phantom: False - JHU reported 0 cases",JHU
407,AFR::GHA,2016-10-03,2016-10-09,,0.0,,,2016-10-09,29,UNICEF Country Programme Report (UID: 5109),0.9,"Converted from JHU database. Primary: False, Phantom: False - JHU reported 0 cases",JHU
408,AFR::GHA,2016-10-10,2016-10-16,,3.0,,,2016-10-16,29,UNICEF Country Programme Report (UID: 5109),0.9,"Converted from JHU database. Primary: False, Phantom: False - JHU reported 3 cases",JHU
409,AFR::GHA,2016-10-17,2016-10-23,,114.0,,,2016-10-23,29,UNICEF Country Programme Report (UID: 5109),0.9,"Converted from JHU database. Primary: False, Phantom: False - JHU reported 114 cases",JHU
410,AFR::GHA,2016-10-24,2016-10-30,,112.0,,,2016-10-30,29,UNICEF Country Programme Report (UID: 5109),0.9,"Converted from JHU database. Primary: False, Phantom: False - JHU reported 112 cases",JHU
411,AFR::GHA,2016-10-31,2016-11-06,,125.0,,,2016-11-06,29,UNICEF Country Programme Report (UID: 5109),0.9,"Converted from JHU database. Primary: False, Phantom: False - JHU reported 125 cases",JHU
412,AFR::GHA,2016-11-07,2016-11-13,,151.0,,,2016-11-13,29,UNICEF Country Programme Report (UID: 5109),0.9,"Converted from JHU database. Primary: False, Phantom: False - JHU reported 151 cases",JHU
413,AFR::GHA,2016-11-14,2016-11-20,,61.0,,,2016-11-20,29,UNICEF Country Programme Report (UID: 5109),0.9,"Converted from JHU database. Primary: False, Phantom: False - JHU reported 61 cases",JHU
414,AFR::GHA,2016-11-21,2016-11-27,,26.0,,,2016-11-27,29,UNICEF Country Programme Report (UID: 5109),0.9,"Converted from JHU database. Primary: False, Phantom: False - JHU reported 26 cases",JHU
415,AFR::GHA,2014-01-01,2014-02-02,,0.0,,,2014-02-02,29,UNICEF Country Programme Report (UID: 5109),0.9,"Converted from JHU database. Primary: True, Phantom: False - JHU reported 0 cases",JHU
416,AFR::GHA,2014-02-03,2014-03-09,,0.0,,,2014-03-09,29,UNICEF Country Programme Report (UID: 5109),0.9,"Converted from JHU database. Primary: True, Phantom: False - JHU reported 0 cases",JHU
417,AFR::GHA,2014-03-10,2014-03-16,,0.0,,,2014-03-16,29,UNICEF Country Programme Report (UID: 5109),0.9,"Converted from JHU database. Primary: True, Phantom: False - JHU reported 0 cases",JHU
418,AFR::GHA,2014-03-17,2014-03-23,,0.0,,,2014-03-23,29,UNICEF Country Programme Report (UID: 5109),0.9,"Converted from JHU database. Primary: True, Phantom: False - JHU reported 0 cases",JHU
419,AFR::GHA,2014-03-24,2014-03-30,,0.0,,,2014-03-30,29,UNICEF Country Programme Report (UID: 5109),0.9,"Converted from JHU database. Primary: True, Phantom: False - JHU reported 0 cases",JHU
420,AFR::GHA,2014-03-31,2014-04-06,,0.0,,,2014-04-06,29,UNICEF Country Programme Report (UID: 5109),0.9,"Converted from JHU database. Primary: True, Phantom: False - JHU reported 0 cases",JHU
421,AFR::GHA,2014-04-07,2014-04-13,,0.0,,,2014-04-13,29,UNICEF Country Programme Report (UID: 5109),0.9,"Converted from JHU database. Primary: True, Phantom: False - JHU reported 0 cases",JHU
422,AFR::GHA,2014-04-14,2014-04-20,,0.0,,,2014-04-20,29,UNICEF Country Programme Report (UID: 5109),0.9,"Converted from JHU database. Primary: True, Phantom: False - JHU reported 0 cases",JHU
423,AFR::GHA,2014-04-21,2014-04-27,,0.0,,,2014-04-27,29,UNICEF Country Programme Report (UID: 5109),0.9,"Converted from JHU database. Primary: True, Phantom: False - JHU reported 0 cases",JHU
424,AFR::GHA,2014-04-28,2014-05-04,,0.0,,,2014-05-04,29,UNICEF Country Programme Report (UID: 5109),0.9,"Converted from JHU database. Primary: True, Phantom: False - JHU reported 0 cases",JHU
425,AFR::GHA,2014-05-05,2014-05-11,,2.0,,,2014-05-11,29,UNICEF Country Programme Report (UID: 5109),0.9,"Converted from JHU database. Primary: True, Phantom: False - JHU reported 2 cases",JHU
426,AFR::GHA,2014-05-12,2014-05-18,,0.0,,,2014-05-18,29,UNICEF Country Programme Report (UID: 5109),0.9,"Converted from JHU database. Primary: True, Phantom: False - JHU reported 0 cases",JHU
427,AFR::GHA,2014-05-19,2014-05-25,,0.0,,,2014-05-25,29,UNICEF Country Programme Report (UID: 5109),0.9,"Converted from JHU database. Primary: True, Phantom: False - JHU reported 0 cases",JHU
428,AFR::GHA,2014-05-26,2014-06-01,,0.0,,,2014-06-01,29,UNICEF Country Programme Report (UID: 5109),0.9,"Converted from JHU database. Primary: True, Phantom: False - JHU reported 0 cases",JHU
429,AFR::GHA,2014-06-02,2014-06-08,,0.0,,,2014-06-08,29,UNICEF Country Programme Report (UID: 5109),0.9,"Converted from JHU database. Primary: True, Phantom: False - JHU reported 0 cases",JHU
430,AFR::GHA,2014-06-09,2014-06-15,,6.0,,,2014-06-15,29,UNICEF Country Programme Report (UID: 5109),0.9,"Converted from JHU database. Primary: True, Phantom: False - JHU reported 6 cases",JHU
431,AFR::GHA,2014-06-16,2014-06-22,,3.0,,,2014-06-22,29,UNICEF Country Programme Report (UID: 5109),0.9,"Converted from JHU database. Primary: True, Phantom: False - JHU reported 3 cases",JHU
432,AFR::GHA,2014-06-23,2014-06-29,,17.0,,,2014-06-29,29,UNICEF Country Programme Report (UID: 5109),0.9,"Converted from JHU database. Primary: True, Phantom: False - JHU reported 17 cases",JHU
433,AFR::GHA,2014-06-30,2014-07-06,,36.0,,,2014-07-06,29,UNICEF Country Programme Report (UID: 5109),0.9,"Converted from JHU database. Primary: True, Phantom: False - JHU reported 36 cases",JHU
434,AFR::GHA,2014-07-07,2014-07-13,,35.0,,,2014-07-13,29,UNICEF Country Programme Report (UID: 5109),0.9,"Converted from JHU database. Primary: True, Phantom: False - JHU reported 35 cases",JHU
435,AFR::GHA,2014-07-14,2014-07-20,,273.0,,,2014-07-20,29,UNICEF Country Programme Report (UID: 5109),0.9,"Converted from JHU database. Primary: True, Phantom: False - JHU reported 273 cases",JHU
436,AFR::GHA,2014-07-21,2014-07-27,,491.0,,,2014-07-27,29,UNICEF Country Programme Report (UID: 5109),0.9,"Converted from JHU database. Primary: True, Phantom: False - JHU reported 491 cases",JHU
437,AFR::GHA,2014-07-28,2014-08-03,,1100.0,,,2014-08-03,29,UNICEF Country Programme Report (UID: 5109),0.9,"Converted from JHU database. Primary: True, Phantom: False - JHU reported 1100 cases",JHU
438,AFR::GHA,2014-08-04,2014-08-10,,2150.0,,,2014-08-10,29,UNICEF Country Programme Report (UID: 5109),0.9,"Converted from JHU database. Primary: True, Phantom: False - JHU reported 2150 cases",JHU
439,AFR::GHA,2014-08-11,2014-08-17,,2013.0,,,2014-08-17,29,UNICEF Country Programme Report (UID: 5109),0.9,"Converted from JHU database. Primary: True, Phantom: False - JHU reported 2013 cases",JHU
440,AFR::GHA,2014-08-18,2014-08-24,,2558.0,,,2014-08-24,29,UNICEF Country Programme Report (UID: 5109),0.9,"Converted from JHU database. Primary: True, Phantom: False - JHU reported 2558 cases",JHU
441,AFR::GHA,2014-08-25,2014-08-31,,2897.0,,,2014-08-31,29,UNICEF Country Programme Report (UID: 5109),0.9,"Converted from JHU database. Primary: True, Phantom: False - JHU reported 2897 cases",JHU
442,AFR::GHA,2014-09-01,2014-09-07,,2647.0,,,2014-09-07,29,UNICEF Country Programme Report (UID: 5109),0.9,"Converted from JHU database. Primary: True, Phantom: False - JHU reported 2647 cases",JHU
443,AFR::GHA,2014-09-08,2014-09-14,,2488.0,,,2014-09-14,29,UNICEF Country Programme Report (UID: 5109),0.9,"Converted from JHU database. Primary: True, Phantom: False - JHU reported 2488 cases",JHU
444,AFR::GHA,2014-09-15,2014-09-21,,1877.0,,,2014-09-21,29,UNICEF Country Programme Report (UID: 5109),0.9,"Converted from JHU database. Primary: True, Phantom: False - JHU reported 1877 cases",JHU
445,AFR::GHA,2014-09-22,2014-09-28,,1952.0,,,2014-09-28,29,UNICEF Country Programme Report (UID: 5109),0.9,"Converted from JHU database. Primary: True, Phantom: False - JHU reported 1952 cases",JHU
446,AFR::GHA,2014-09-29,2014-10-05,,1965.0,,,2014-10-05,29,UNICEF Country Programme Report (UID: 5109),0.9,"Converted from JHU database. Primary: True, Phantom: False - JHU reported 1965 cases",JHU
447,AFR::GHA,2014-10-06,2014-10-12,,1557.0,,,2014-10-12,29,UNICEF Country Programme Report (UID: 5109),0.9,"Converted from JHU database. Primary: True, Phantom: False - JHU reported 1557 cases",JHU
448,AFR::GHA,2014-10-13,2014-10-19,,1254.0,,,2014-10-19,29,UNICEF Country Programme Report (UID: 5109),0.9,"Converted from JHU database. Primary: True, Phantom: False - JHU reported 1254 cases",JHU
449,AFR::GHA,2014-10-20,2014-10-26,,1456.0,,,2014-10-26,29,UNICEF Country Programme Report (UID: 5109),0.9,"Converted from JHU database. Primary: True, Phantom: False - JHU reported 1456 cases",JHU
450,AFR::GHA,2014-10-27,2014-11-02,,1009.0,,,2014-11-02,29,UNICEF Country Programme Report (UID: 5109),0.9,"Converted from JHU database. Primary: True, Phantom: False - JHU reported 1009 cases",JHU
451,AFR::GHA,2014-11-03,2014-11-09,,661.0,,,2014-11-09,29,UNICEF Country Programme Report (UID: 5109),0.9,"Converted from JHU database. Primary: True, Phantom: False - JHU reported 661 cases",JHU
452,AFR::GHA,2014-11-10,2014-11-16,,426.0,,,2014-11-16,29,UNICEF Country Programme Report (UID: 5109),0.9,"Converted from JHU database. Primary: True, Phantom: False - JHU reported 426 cases",JHU
453,AFR::GHA,2014-11-17,2014-11-23,,414.0,,,2014-11-23,29,UNICEF Country Programme Report (UID: 5109),0.9,"Converted from JHU database. Primary: True, Phantom: False - JHU reported 414 cases",JHU
454,AFR::GHA,2014-11-24,2014-11-30,,318.0,,,2014-11-30,29,UNICEF Country Programme Report (UID: 5109),0.9,"Converted from JHU database. Primary: True, Phantom: False - JHU reported 318 cases",JHU
455,AFR::GHA,2014-12-01,2014-12-07,,104.0,,,2014-12-07,29,UNICEF Country Programme Report (UID: 5109),0.9,"Converted from JHU database. Primary: True, Phantom: False - JHU reported 104 cases",JHU
456,AFR::GHA,2014-01-01,2014-12-28,247.0,28944.0,,0.9,2014-12-28,29,UNICEF Country Programme Report (UID: 5109),0.9,"Converted from JHU database. Primary: True, Phantom: False - JHU reported 28944 cases, 247 deaths",JHU
457,AFR::GHA,2020-01-01,2020-06-07,,0.0,,,2020-06-07,29,UNICEF Country Programme Report (UID: 5109),0.9,"Converted from JHU database. Primary: True, Phantom: False - JHU reported 0 cases",JHU
458,AFR::GHA,2020-06-08,2020-06-14,,0.0,,,2020-06-14,29,UNICEF Country Programme Report (UID: 5109),0.9,"Converted from JHU database. Primary: True, Phantom: False - JHU reported 0 cases",JHU
459,AFR::GHA,2020-06-15,2020-06-21,,0.0,,,2020-06-21,29,UNICEF Country Programme Report (UID: 5109),0.9,"Converted from JHU database. Primary: True, Phantom: False - JHU reported 0 cases",JHU
460,AFR::GHA,2020-06-22,2020-06-28,,0.0,,,2020-06-28,29,UNICEF Country Programme Report (UID: 5109),0.9,"Converted from JHU database. Primary: True, Phantom: False - JHU reported 0 cases",JHU
461,AFR::GHA,2020-06-29,2020-07-05,,0.0,,,2020-07-05,29,UNICEF Country Programme Report (UID: 5109),0.9,"Converted from JHU database. Primary: True, Phantom: False - JHU reported 0 cases",JHU
462,AFR::GHA,2020-07-06,2020-07-12,,0.0,,,2020-07-12,29,UNICEF Country Programme Report (UID: 5109),0.9,"Converted from JHU database. Primary: True, Phantom: False - JHU reported 0 cases",JHU
463,AFR::GHA,2020-07-13,2020-07-19,,0.0,,,2020-07-19,29,UNICEF Country Programme Report (UID: 5109),0.9,"Converted from JHU database. Primary: True, Phantom: False - JHU reported 0 cases",JHU
464,AFR::GHA,2020-07-20,2020-07-26,,0.0,,,2020-07-26,29,UNICEF Country Programme Report (UID: 5109),0.9,"Converted from JHU database. Primary: True, Phantom: False - JHU reported 0 cases",JHU
465,AFR::GHA,2020-07-27,2020-08-02,,0.0,,,2020-08-02,29,UNICEF Country Programme Report (UID: 5109),0.9,"Converted from JHU database. Primary: True, Phantom: False - JHU reported 0 cases",JHU
466,AFR::GHA,2020-08-03,2020-08-09,,0.0,,,2020-08-09,29,UNICEF Country Programme Report (UID: 5109),0.9,"Converted from JHU database. Primary: True, Phantom: False - JHU reported 0 cases",JHU
467,AFR::GHA,2020-08-10,2020-08-16,,0.0,,,2020-08-16,29,UNICEF Country Programme Report (UID: 5109),0.9,"Converted from JHU database. Primary: True, Phantom: False - JHU reported 0 cases",JHU
468,AFR::GHA,2020-08-17,2020-08-23,,0.0,,,2020-08-23,29,UNICEF Country Programme Report (UID: 5109),0.9,"Converted from JHU database. Primary: True, Phantom: False - JHU reported 0 cases",JHU
469,AFR::GHA,2020-08-24,2020-08-30,,0.0,,,2020-08-30,29,UNICEF Country Programme Report (UID: 5109),0.9,"Converted from JHU database. Primary: True, Phantom: False - JHU reported 0 cases",JHU
470,AFR::GHA,2020-01-01,2020-11-08,,0.0,,,2020-11-08,29,UNICEF Country Programme Report (UID: 5109),0.9,"Converted from JHU database. Primary: True, Phantom: False - JHU reported 0 cases",JHU
471,AFR::GHA,2020-11-09,2020-11-15,,0.0,,,2020-11-15,29,UNICEF Country Programme Report (UID: 5109),0.9,"Converted from JHU database. Primary: True, Phantom: False - JHU reported 0 cases",JHU
472,AFR::GHA,2020-11-16,2020-11-22,,0.0,,,2020-11-22,29,UNICEF Country Programme Report (UID: 5109),0.9,"Converted from JHU database. Primary: True, Phantom: False - JHU reported 0 cases",JHU
473,AFR::GHA,2020-11-23,2020-11-29,,0.0,,,2020-11-29,29,UNICEF Country Programme Report (UID: 5109),0.9,"Converted from JHU database. Primary: True, Phantom: False - JHU reported 0 cases",JHU
474,AFR::GHA,2020-11-30,2020-12-06,,0.0,,,2020-12-06,29,UNICEF Country Programme Report (UID: 5109),0.9,"Converted from JHU database. Primary: True, Phantom: False - JHU reported 0 cases",JHU
475,AFR::GHA,2020-12-07,2020-12-13,,0.0,,,2020-12-13,29,UNICEF Country Programme Report (UID: 5109),0.9,"Converted from JHU database. Primary: True, Phantom: False - JHU reported 0 cases",JHU
476,AFR::GHA,2020-12-14,2020-12-20,,0.0,,,2020-12-20,29,UNICEF Country Programme Report (UID: 5109),0.9,"Converted from JHU database. Primary: True, Phantom: False - JHU reported 0 cases",JHU
477,AFR::GHA,2020-12-14,2020-12-20,,0.0,,,2020-12-20,29,UNICEF Country Programme Report (UID: 5109),0.9,"Converted from JHU database. Primary: True, Phantom: False - JHU reported 0 cases",JHU
478,AFR::GHA,2020-12-21,2020-12-27,,0.0,,,2020-12-27,29,UNICEF Country Programme Report (UID: 5109),0.9,"Converted from JHU database. Primary: True, Phantom: False - JHU reported 0 cases",JHU
479,AFR::GHA,2021-01-01,2021-01-03,,0.0,,,2021-01-03,29,UNICEF Country Programme Report (UID: 5109),0.9,"Converted from JHU database. Primary: True, Phantom: False - JHU reported 0 cases",JHU
480,AFR::GHA,2021-01-04,2021-01-10,,0.0,,,2021-01-10,29,UNICEF Country Programme Report (UID: 5109),0.9,"Converted from JHU database. Primary: True, Phantom: False - JHU reported 0 cases",JHU
481,AFR::GHA,2021-01-11,2021-01-17,,0.0,,,2021-01-17,29,UNICEF Country Programme Report (UID: 5109),0.9,"Converted from JHU database. Primary: True, Phantom: False - JHU reported 0 cases",JHU
482,AFR::GHA,2021-01-18,2021-01-24,,0.0,,,2021-01-24,29,UNICEF Country Programme Report (UID: 5109),0.9,"Converted from JHU database. Primary: True, Phantom: False - JHU reported 0 cases",JHU
483,AFR::GHA,2021-01-25,2021-01-31,,0.0,,,2021-01-31,29,UNICEF Country Programme Report (UID: 5109),0.9,"Converted from JHU database. Primary: True, Phantom: False - JHU reported 0 cases",JHU
484,AFR::GHA,2021-02-01,2021-02-07,,0.0,,,2021-02-07,29,UNICEF Country Programme Report (UID: 5109),0.9,"Converted from JHU database. Primary: True, Phantom: False - JHU reported 0 cases",JHU
485,AFR::GHA,2021-02-08,2021-02-14,,0.0,,,2021-02-14,29,UNICEF Country Programme Report (UID: 5109),0.9,"Converted from JHU database. Primary: True, Phantom: False - JHU reported 0 cases",JHU
486,AFR::GHA,2021-02-15,2021-02-21,,0.0,,,2021-02-21,29,UNICEF Country Programme Report (UID: 5109),0.9,"Converted from JHU database. Primary: True, Phantom: False - JHU reported 0 cases",JHU
487,AFR::GHA,2021-02-22,2021-02-28,,0.0,,,2021-02-28,29,UNICEF Country Programme Report (UID: 5109),0.9,"Converted from JHU database. Primary: True, Phantom: False - JHU reported 0 cases",JHU
488,AFR::GHA,2021-03-01,2021-03-07,,0.0,,,2021-03-07,29,UNICEF Country Programme Report (UID: 5109),0.9,"Converted from JHU database. Primary: True, Phantom: False - JHU reported 0 cases",JHU
489,AFR::GHA,2022-01-01,2022-01-02,,0.0,,,2022-01-02,29,UNICEF Country Programme Report (UID: 5109),0.9,"Converted from JHU database. Primary: True, Phantom: False - JHU reported 0 cases",JHU
490,AFR::GHA,2022-01-03,2022-01-09,,0.0,,,2022-01-09,29,UNICEF Country Programme Report (UID: 5109),0.9,"Converted from JHU database. Primary: True, Phantom: False - JHU reported 0 cases",JHU
491,AFR::GHA,2022-01-10,2022-01-16,,0.0,,,2022-01-16,29,UNICEF Country Programme Report (UID: 5109),0.9,"Converted from JHU database. Primary: True, Phantom: False - JHU reported 0 cases",JHU
492,AFR::GHA,2022-01-17,2022-01-23,,0.0,,,2022-01-23,29,UNICEF Country Programme Report (UID: 5109),0.9,"Converted from JHU database. Primary: True, Phantom: False - JHU reported 0 cases",JHU
493,AFR::GHA,2022-01-24,2022-01-30,,0.0,,,2022-01-30,29,UNICEF Country Programme Report (UID: 5109),0.9,"Converted from JHU database. Primary: True, Phantom: False - JHU reported 0 cases",JHU
494,AFR::GHA,2022-01-31,2022-02-06,,0.0,,,2022-02-06,29,UNICEF Country Programme Report (UID: 5109),0.9,"Converted from JHU database. Primary: True, Phantom: False - JHU reported 0 cases",JHU
495,AFR::GHA,2022-02-07,2022-02-13,,0.0,,,2022-02-13,29,UNICEF Country Programme Report (UID: 5109),0.9,"Converted from JHU database. Primary: True, Phantom: False - JHU reported 0 cases",JHU
496,AFR::GHA,2022-02-14,2022-02-20,,0.0,,,2022-02-20,29,UNICEF Country Programme Report (UID: 5109),0.9,"Converted from JHU database. Primary: True, Phantom: False - JHU reported 0 cases",JHU
497,AFR::GHA,2022-02-21,2022-02-27,,0.0,,,2022-02-27,29,UNICEF Country Programme Report (UID: 5109),0.9,"Converted from JHU database. Primary: True, Phantom: False - JHU reported 0 cases",JHU
498,AFR::GHA,2022-02-28,2022-03-06,,0.0,,,2022-03-06,29,UNICEF Country Programme Report (UID: 5109),0.9,"Converted from JHU database. Primary: True, Phantom: False - JHU reported 0 cases",JHU
499,AFR::GHA,2022-03-07,2022-03-13,,0.0,,,2022-03-13,29,UNICEF Country Programme Report (UID: 5109),0.9,"Converted from JHU database. Primary: True, Phantom: False - JHU reported 0 cases",JHU
500,AFR::GHA,2022-03-14,2022-03-20,,0.0,,,2022-03-20,29,UNICEF Country Programme Report (UID: 5109),0.9,"Converted from JHU database. Primary: True, Phantom: False - JHU reported 0 cases",JHU
501,AFR::GHA,2022-03-21,2022-03-27,,0.0,,,2022-03-27,29,UNICEF Country Programme Report (UID: 5109),0.9,"Converted from JHU database. Primary: True, Phantom: False - JHU reported 0 cases",JHU
502,AFR::GHA,2022-03-28,2022-04-03,,0.0,,,2022-04-03,29,UNICEF Country Programme Report (UID: 5109),0.9,"Converted from JHU database. Primary: True, Phantom: False - JHU reported 0 cases",JHU
503,AFR::GHA,2022-04-04,2022-04-10,,0.0,,,2022-04-10,29,UNICEF Country Programme Report (UID: 5109),0.9,"Converted from JHU database. Primary: True, Phantom: False - JHU reported 0 cases",JHU
504,AFR::GHA,2022-04-11,2022-04-17,,0.0,,,2022-04-17,29,UNICEF Country Programme Report (UID: 5109),0.9,"Converted from JHU database. Primary: True, Phantom: False - JHU reported 0 cases",JHU
505,AFR::GHA,2022-04-18,2022-12-31,,0.0,,,2022-12-31,29,UNICEF Country Programme Report (UID: 5109),0.9,"Converted from JHU database. Primary: True, Phantom: False - JHU reported 0 cases",JHU
506,AFR::GHA,2023-01-01,2023-09-24,0.0,0.0,,,2023-09-24,29,UNICEF Country Programme Report (UID: 5109),0.9,"Converted from JHU database. Primary: True, Phantom: False - JHU reported 0 cases, 0 deaths",JHU
507,AFR::GHA,2023-09-18,2023-09-24,0.0,0.0,,,2023-09-24,29,UNICEF Country Programme Report (UID: 5109),0.9,"Converted from JHU database. Primary: True, Phantom: False - JHU reported 0 cases, 0 deaths",JHU
508,AFR::GHA,2023-09-11,2023-09-17,0.0,0.0,,,2023-09-17,29,UNICEF Country Programme Report (UID: 5109),0.9,"Converted from JHU database. Primary: True, Phantom: False - JHU reported 0 cases, 0 deaths",JHU
509,AFR::GHA,2023-09-04,2023-09-10,0.0,0.0,,,2023-09-10,29,UNICEF Country Programme Report (UID: 5109),0.9,"Converted from JHU database. Primary: True, Phantom: False - JHU reported 0 cases, 0 deaths",JHU
510,AFR::GHA,2023-08-28,2023-09-03,0.0,0.0,,,2023-09-03,29,UNICEF Country Programme Report (UID: 5109),0.9,"Converted from JHU database. Primary: True, Phantom: False - JHU reported 0 cases, 0 deaths",JHU
511,AFR::GHA,2023-08-21,2023-08-27,0.0,0.0,,,2023-08-27,29,UNICEF Country Programme Report (UID: 5109),0.9,"Converted from JHU database. Primary: True, Phantom: False - JHU reported 0 cases, 0 deaths",JHU
512,AFR::GHA,2023-08-14,2023-08-20,0.0,0.0,,,2023-08-20,29,UNICEF Country Programme Report (UID: 5109),0.9,"Converted from JHU database. Primary: True, Phantom: False - JHU reported 0 cases, 0 deaths",JHU
513,AFR::GHA,2023-08-07,2023-08-13,0.0,0.0,,,2023-08-13,29,UNICEF Country Programme Report (UID: 5109),0.9,"Converted from JHU database. Primary: True, Phantom: False - JHU reported 0 cases, 0 deaths",JHU
514,AFR::GHA,2023-07-31,2023-08-06,0.0,0.0,,,2023-08-06,29,UNICEF Country Programme Report (UID: 5109),0.9,"Converted from JHU database. Primary: True, Phantom: False - JHU reported 0 cases, 0 deaths",JHU
515,AFR::GHA,2023-07-24,2023-07-30,0.0,0.0,,,2023-07-30,29,UNICEF Country Programme Report (UID: 5109),0.9,"Converted from JHU database. Primary: True, Phantom: False - JHU reported 0 cases, 0 deaths",JHU
516,AFR::GHA,2023-07-17,2023-07-23,0.0,0.0,,,2023-07-23,29,UNICEF Country Programme Report (UID: 5109),0.9,"Converted from JHU database. Primary: True, Phantom: False - JHU reported 0 cases, 0 deaths",JHU
517,AFR::GHA,2023-07-10,2023-07-16,0.0,0.0,,,2023-07-16,29,UNICEF Country Programme Report (UID: 5109),0.9,"Converted from JHU database. Primary: True, Phantom: False - JHU reported 0 cases, 0 deaths",JHU
518,AFR::GHA,2023-07-03,2023-07-09,0.0,0.0,,,2023-07-09,29,UNICEF Country Programme Report (UID: 5109),0.9,"Converted from JHU database. Primary: True, Phantom: False - JHU reported 0 cases, 0 deaths",JHU
519,AFR::GHA,2023-06-26,2023-07-02,0.0,0.0,,,2023-07-02,29,UNICEF Country Programme Report (UID: 5109),0.9,"Converted from JHU database. Primary: True, Phantom: False - JHU reported 0 cases, 0 deaths",JHU
520,AFR::GHA,2023-06-19,2023-06-25,0.0,0.0,,,2023-06-25,29,UNICEF Country Programme Report (UID: 5109),0.9,"Converted from JHU database. Primary: True, Phantom: False - JHU reported 0 cases, 0 deaths",JHU
521,AFR::GHA,2023-06-12,2023-06-18,0.0,0.0,,,2023-06-18,29,UNICEF Country Programme Report (UID: 5109),0.9,"Converted from JHU database. Primary: True, Phantom: False - JHU reported 0 cases, 0 deaths",JHU
522,AFR::GHA,2023-06-05,2023-06-11,0.0,0.0,,,2023-06-11,29,UNICEF Country Programme Report (UID: 5109),0.9,"Converted from JHU database. Primary: True, Phantom: False - JHU reported 0 cases, 0 deaths",JHU
523,AFR::GHA,2023-05-29,2023-06-04,0.0,0.0,,,2023-06-04,29,UNICEF Country Programme Report (UID: 5109),0.9,"Converted from JHU database. Primary: True, Phantom: False - JHU reported 0 cases, 0 deaths",JHU
524,AFR::GHA,2023-05-22,2023-05-28,0.0,0.0,,,2023-05-28,29,UNICEF Country Programme Report (UID: 5109),0.9,"Converted from JHU database. Primary: True, Phantom: False - JHU reported 0 cases, 0 deaths",JHU
525,AFR::GHA,2023-05-15,2023-05-21,0.0,0.0,,,2023-05-21,29,UNICEF Country Programme Report (UID: 5109),0.9,"Converted from JHU database. Primary: True, Phantom: False - JHU reported 0 cases, 0 deaths",JHU
526,AFR::GHA,2023-05-08,2023-05-14,0.0,0.0,,,2023-05-14,29,UNICEF Country Programme Report (UID: 5109),0.9,"Converted from JHU database. Primary: True, Phantom: False - JHU reported 0 cases, 0 deaths",JHU
527,AFR::GHA,2023-05-01,2023-05-07,0.0,0.0,,,2023-05-07,29,UNICEF Country Programme Report (UID: 5109),0.9,"Converted from JHU database. Primary: True, Phantom: False - JHU reported 0 cases, 0 deaths",JHU
528,AFR::GHA,2023-04-24,2023-04-30,0.0,0.0,,,2023-04-30,29,UNICEF Country Programme Report (UID: 5109),0.9,"Converted from JHU database. Primary: True, Phantom: False - JHU reported 0 cases, 0 deaths",JHU
529,AFR::GHA,2023-04-17,2023-04-23,0.0,0.0,,,2023-04-23,29,UNICEF Country Programme Report (UID: 5109),0.9,"Converted from JHU database. Primary: True, Phantom: False - JHU reported 0 cases, 0 deaths",JHU
530,AFR::GHA,2023-04-10,2023-04-16,0.0,0.0,,,2023-04-16,29,UNICEF Country Programme Report (UID: 5109),0.9,"Converted from JHU database. Primary: True, Phantom: False - JHU reported 0 cases, 0 deaths",JHU
531,AFR::GHA,2023-04-03,2023-04-09,0.0,0.0,,,2023-04-09,29,UNICEF Country Programme Report (UID: 5109),0.9,"Converted from JHU database. Primary: True, Phantom: False - JHU reported 0 cases, 0 deaths",JHU
532,AFR::GHA,2023-03-27,2023-04-02,0.0,0.0,,,2023-04-02,29,UNICEF Country Programme Report (UID: 5109),0.9,"Converted from JHU database. Primary: True, Phantom: False - JHU reported 0 cases, 0 deaths",JHU
533,AFR::GHA,2023-03-20,2023-03-26,0.0,0.0,,,2023-03-26,29,UNICEF Country Programme Report (UID: 5109),0.9,"Converted from JHU database. Primary: True, Phantom: False - JHU reported 0 cases, 0 deaths",JHU
534,AFR::GHA,2023-03-13,2023-03-19,0.0,0.0,,,2023-03-19,29,UNICEF Country Programme Report (UID: 5109),0.9,"Converted from JHU database. Primary: True, Phantom: False - JHU reported 0 cases, 0 deaths",JHU
535,AFR::GHA,2023-03-06,2023-03-12,0.0,0.0,,,2023-03-12,29,UNICEF Country Programme Report (UID: 5109),0.9,"Converted from JHU database. Primary: True, Phantom: False - JHU reported 0 cases, 0 deaths",JHU
536,AFR::GHA,2023-02-27,2023-03-05,0.0,0.0,,,2023-03-05,29,UNICEF Country Programme Report (UID: 5109),0.9,"Converted from JHU database. Primary: True, Phantom: False - JHU reported 0 cases, 0 deaths",JHU
537,AFR::GHA,2023-02-20,2023-02-26,0.0,0.0,,,2023-02-26,29,UNICEF Country Programme Report (UID: 5109),0.9,"Converted from JHU database. Primary: True, Phantom: False - JHU reported 0 cases, 0 deaths",JHU
538,AFR::GHA,2023-02-13,2023-02-19,0.0,0.0,,,2023-02-19,29,UNICEF Country Programme Report (UID: 5109),0.9,"Converted from JHU database. Primary: True, Phantom: False - JHU reported 0 cases, 0 deaths",JHU
539,AFR::GHA,2023-02-06,2023-02-12,0.0,0.0,,,2023-02-12,29,UNICEF Country Programme Report (UID: 5109),0.9,"Converted from JHU database. Primary: True, Phantom: False - JHU reported 0 cases, 0 deaths",JHU
540,AFR::GHA,2023-01-30,2023-02-05,0.0,0.0,,,2023-02-05,29,UNICEF Country Programme Report (UID: 5109),0.9,"Converted from JHU database. Primary: True, Phantom: False - JHU reported 0 cases, 0 deaths",JHU
541,AFR::GHA,2023-01-23,2023-01-29,0.0,0.0,,,2023-01-29,29,UNICEF Country Programme Report (UID: 5109),0.9,"Converted from JHU database. Primary: True, Phantom: False - JHU reported 0 cases, 0 deaths",JHU
542,AFR::GHA,2023-01-16,2023-01-22,0.0,0.0,,,2023-01-22,29,UNICEF Country Programme Report (UID: 5109),0.9,"Converted from JHU database. Primary: True, Phantom: False - JHU reported 0 cases, 0 deaths",JHU
543,AFR::GHA,2023-01-09,2023-01-15,0.0,0.0,,,2023-01-15,29,UNICEF Country Programme Report (UID: 5109),0.9,"Converted from JHU database. Primary: True, Phantom: False - JHU reported 0 cases, 0 deaths",JHU
544,AFR::GHA,2023-01-02,2023-01-08,0.0,0.0,,,2023-01-08,29,UNICEF Country Programme Report (UID: 5109),0.9,"Converted from JHU database. Primary: True, Phantom: False - JHU reported 0 cases, 0 deaths",JHU
545,AFR::GHA,2023-01-01,2023-12-24,0.0,0.0,,,2023-12-24,29,UNICEF Country Programme Report (UID: 5109),0.9,"Converted from JHU database. Primary: True, Phantom: False - JHU reported 0 cases, 0 deaths",JHU
546,AFR::GHA,2023-09-25,2023-10-01,0.0,0.0,,,2023-10-01,29,UNICEF Country Programme Report (UID: 5109),0.9,"Converted from JHU database. Primary: True, Phantom: False - JHU reported 0 cases, 0 deaths",JHU
547,AFR::GHA,2023-10-02,2023-10-08,0.0,0.0,,,2023-10-08,29,UNICEF Country Programme Report (UID: 5109),0.9,"Converted from JHU database. Primary: True, Phantom: False - JHU reported 0 cases, 0 deaths",JHU
548,AFR::GHA,2023-10-09,2023-10-15,0.0,0.0,,,2023-10-15,29,UNICEF Country Programme Report (UID: 5109),0.9,"Converted from JHU database. Primary: True, Phantom: False - JHU reported 0 cases, 0 deaths",JHU
549,AFR::GHA,2023-10-16,2023-10-22,0.0,0.0,,,2023-10-22,29,UNICEF Country Programme Report (UID: 5109),0.9,"Converted from JHU database. Primary: True, Phantom: False - JHU reported 0 cases, 0 deaths",JHU
550,AFR::GHA,2023-10-23,2023-10-29,0.0,0.0,,,2023-10-29,29,UNICEF Country Programme Report (UID: 5109),0.9,"Converted from JHU database. Primary: True, Phantom: False - JHU reported 0 cases, 0 deaths",JHU
551,AFR::GHA,2023-10-30,2023-11-05,0.0,0.0,,,2023-11-05,29,UNICEF Country Programme Report (UID: 5109),0.9,"Converted from JHU database. Primary: True, Phantom: False - JHU reported 0 cases, 0 deaths",JHU
552,AFR::GHA,2023-11-06,2023-11-12,0.0,0.0,,,2023-11-12,29,UNICEF Country Programme Report (UID: 5109),0.9,"Converted from JHU database. Primary: True, Phantom: False - JHU reported 0 cases, 0 deaths",JHU
553,AFR::GHA,2023-11-13,2023-11-19,0.0,0.0,,,2023-11-19,29,UNICEF Country Programme Report (UID: 5109),0.9,"Converted from JHU database. Primary: True, Phantom: False - JHU reported 0 cases, 0 deaths",JHU
554,AFR::GHA,2023-11-20,2023-11-26,0.0,0.0,,,2023-11-26,29,UNICEF Country Programme Report (UID: 5109),0.9,"Converted from JHU database. Primary: True, Phantom: False - JHU reported 0 cases, 0 deaths",JHU
555,AFR::GHA,2023-11-27,2023-12-03,0.0,0.0,,,2023-12-03,29,UNICEF Country Programme Report (UID: 5109),0.9,"Converted from JHU database. Primary: True, Phantom: False - JHU reported 0 cases, 0 deaths",JHU
556,AFR::GHA,2023-12-04,2023-12-10,0.0,0.0,,,2023-12-10,29,UNICEF Country Programme Report (UID: 5109),0.9,"Converted from JHU database. Primary: True, Phantom: False - JHU reported 0 cases, 0 deaths",JHU
557,AFR::GHA,2023-12-11,2023-12-17,0.0,0.0,,,2023-12-17,29,UNICEF Country Programme Report (UID: 5109),0.9,"Converted from JHU database. Primary: True, Phantom: False - JHU reported 0 cases, 0 deaths",JHU
558,AFR::GHA,2023-12-18,2023-12-24,0.0,0.0,,,2023-12-24,29,UNICEF Country Programme Report (UID: 5109),0.9,"Converted from JHU database. Primary: True, Phantom: False - JHU reported 0 cases, 0 deaths",JHU
559,AFR::GHA,2024-01-01,2024-01-07,0.0,0.0,,,2024-01-07,29,UNICEF Country Programme Report (UID: 5109),0.9,"Converted from JHU database. Primary: True, Phantom: False - JHU reported 0 cases, 0 deaths",JHU
560,AFR::GHA,2024-01-08,2024-01-14,0.0,0.0,,,2024-01-14,29,UNICEF Country Programme Report (UID: 5109),0.9,"Converted from JHU database. Primary: True, Phantom: False - JHU reported 0 cases, 0 deaths",JHU
561,AFR::GHA,2024-01-15,2024-01-21,0.0,0.0,,,2024-01-21,29,UNICEF Country Programme Report (UID: 5109),0.9,"Converted from JHU database. Primary: True, Phantom: False - JHU reported 0 cases, 0 deaths",JHU
562,AFR::GHA,2024-01-22,2024-01-28,0.0,0.0,,,2024-01-28,29,UNICEF Country Programme Report (UID: 5109),0.9,"Converted from JHU database. Primary: True, Phantom: False - JHU reported 0 cases, 0 deaths",JHU
563,AFR::GHA,2024-01-29,2024-02-04,0.0,0.0,,,2024-02-04,29,UNICEF Country Programme Report (UID: 5109),0.9,"Converted from JHU database. Primary: True, Phantom: False - JHU reported 0 cases, 0 deaths",JHU
564,AFR::GHA,2024-02-05,2024-02-11,0.0,0.0,,,2024-02-11,29,UNICEF Country Programme Report (UID: 5109),0.9,"Converted from JHU database. Primary: True, Phantom: False - JHU reported 0 cases, 0 deaths",JHU
565,AFR::GHA,2024-02-12,2024-02-18,0.0,0.0,,,2024-02-18,29,UNICEF Country Programme Report (UID: 5109),0.9,"Converted from JHU database. Primary: True, Phantom: False - JHU reported 0 cases, 0 deaths",JHU
566,AFR::GHA,2024-02-19,2024-02-25,0.0,0.0,,,2024-02-25,29,UNICEF Country Programme Report (UID: 5109),0.9,"Converted from JHU database. Primary: True, Phantom: False - JHU reported 0 cases, 0 deaths",JHU
567,AFR::GHA,2024-02-26,2024-03-03,0.0,0.0,,,2024-03-03,29,UNICEF Country Programme Report (UID: 5109),0.9,"Converted from JHU database. Primary: True, Phantom: False - JHU reported 0 cases, 0 deaths",JHU
568,AFR::GHA,2024-03-04,2024-03-10,0.0,0.0,,,2024-03-10,29,UNICEF Country Programme Report (UID: 5109),0.9,"Converted from JHU database. Primary: True, Phantom: False - JHU reported 0 cases, 0 deaths",JHU
569,AFR::GHA,2024-03-11,2024-03-17,0.0,0.0,,,2024-03-17,29,UNICEF Country Programme Report (UID: 5109),0.9,"Converted from JHU database. Primary: True, Phantom: False - JHU reported 0 cases, 0 deaths",JHU
570,AFR::GHA,2024-03-18,2024-03-24,0.0,0.0,,,2024-03-24,29,UNICEF Country Programme Report (UID: 5109),0.9,"Converted from JHU database. Primary: True, Phantom: False - JHU reported 0 cases, 0 deaths",JHU
571,AFR::GHA,2024-03-25,2024-03-31,0.0,0.0,,,2024-03-31,29,UNICEF Country Programme Report (UID: 5109),0.9,"Converted from JHU database. Primary: True, Phantom: False - JHU reported 0 cases, 0 deaths",JHU
572,AFR::GHA,2024-01-01,2024-03-31,0.0,0.0,,,2024-03-31,29,UNICEF Country Programme Report (UID: 5109),0.9,"Converted from JHU database. Primary: True, Phantom: False - JHU reported 0 cases, 0 deaths",JHU
573,AFR::GHA,2024-01-01,2024-08-25,2.0,0.0,,,2024-08-25,24,JHU Cholera Database (UID: 21500),0.95,"Converted from JHU database. Primary: True, Phantom: False - JHU reported 0 cases, 2 deaths",JHU
574,AFR::GHA,2024-07-27,2024-08-25,2.0,0.0,,,2024-08-25,24,JHU Cholera Database (UID: 21500),0.95,"Converted from JHU database. Primary: True, Phantom: False - JHU reported 0 cases, 2 deaths",JHU
575,AFR::GHA,2024-01-01,2024-09-29,2.0,0.0,,,2024-09-29,24,JHU Cholera Database (UID: 21500),0.95,"Converted from JHU database. Primary: True, Phantom: False - JHU reported 0 cases, 2 deaths",JHU
576,AFR::GHA,2024-01-01,2024-10-27,11.0,0.0,,,2024-10-27,24,JHU Cholera Database (UID: 21500),0.95,"Converted from JHU database. Primary: True, Phantom: False - JHU reported 0 cases, 11 deaths",JHU
577,AFR::GHA,2024-09-29,2024-10-27,9.0,0.0,,,2024-10-27,24,JHU Cholera Database (UID: 21500),0.95,"Converted from JHU database. Primary: True, Phantom: False - JHU reported 0 cases, 9 deaths",JHU
578,AFR::GHA,2024-01-01,2024-11-24,18.0,2244.0,,0.8,2024-11-24,24,JHU Cholera Database (UID: 21500),0.95,"Converted from JHU database. Primary: True, Phantom: False - JHU reported 2244 cases, 18 deaths",JHU
579,AFR::GHA,2024-10-27,2024-11-24,18.0,2233.0,,0.8,2024-11-24,24,JHU Cholera Database (UID: 21500),0.95,"Converted from JHU database. Primary: True, Phantom: False - JHU reported 2233 cases, 18 deaths",JHU
580,AFR::GHA::Brong Ahafo::Atebubu-Amantin,2012-06-04,2012-06-12,5.0,97.0,,5.2,2012-06-12,26,JHU Cholera Database (UID: 932),0.95,"Converted from JHU database. Primary: True, Phantom: False - JHU reported 97 cases, 5 deaths",JHU
581,AFR::GHA,2012-05-01,2012-05-31,64.0,,,,2012-05-31,26,JHU Cholera Database (UID: 932),0.95,"Converted from JHU database. Primary: True, Phantom: False - JHU reported 64 deaths",JHU
582,AFR::GHA::Greater Accra::Accra Metropolitan,2012-05-01,2012-05-31,31.0,2756.0,,1.1,2012-05-31,26,JHU Cholera Database (UID: 932),0.95,"Converted from JHU database. Primary: True, Phantom: False - JHU reported 2756 cases, 31 deaths",JHU
583,AFR::GHA::Brong Ahafo::Atebubu-Amantin,2012-06-04,2012-06-10,1.0,14.0,,7.1,2012-06-10,26,JHU Cholera Database (UID: 932),0.95,"Converted from JHU database. Primary: True, Phantom: False - JHU reported 14 cases, 1 deaths",JHU
584,AFR::GHA::GH-WP,2011-06-01,2011-08-12,2.0,50.0,,4.0,2011-08-12,31,JHU Cholera Database (UID: 926),0.95,"Converted from JHU database. Primary: True, Phantom: False - JHU reported 50 cases, 2 deaths",JHU
585,AFR::GHA::GH-WP::Tarkwa-Nsuaem,2011-08-29,2011-09-06,4.0,35.0,,11.4,2011-09-06,31,JHU Cholera Database (UID: 926),0.95,"Converted from JHU database. Primary: True, Phantom: False - JHU reported 35 cases, 4 deaths",JHU
586,AFR::GHA::GH-WP::Tarkwa-Nsuaem,2011-08-29,2011-09-06,4.0,,,,2011-09-06,31,JHU Cholera Database (UID: 926),0.95,"Converted from JHU database. Primary: False, Phantom: False - JHU reported 4 deaths",JHU
587,AFR::GHA::GH-AA::Accra,2012-03-17,2012-03-30,,33.0,,,2012-03-30,1,JHU Cholera Database (UID: 927),0.95,"Converted from JHU database. Primary: True, Phantom: False - JHU reported 33 cases",JHU
588,AFR::GHA::GH-AA::Accra,2012-03-23,2012-04-05,11.0,,,,2012-04-05,1,JHU Cholera Database (UID: 927),0.95,"Converted from JHU database. Primary: True, Phantom: False - JHU reported 11 deaths",JHU
589,AFR::GHA,2011-01-01,2011-12-31,94.0,8494.0,,1.1,2011-12-31,1,JHU Cholera Database (UID: 927),0.95,"Converted from JHU database. Primary: True, Phantom: False - JHU reported 8494 cases, 94 deaths",JHU
590,AFR::GHA::GH-WP::Sekondi-Takoradi::Kwesimintsim::Kwesimintsim Polyclinic,2011-08-12,2011-08-26,2.0,25.0,,8.0,2011-08-26,30,JHU Cholera Database (UID: 925),0.95,"Converted from JHU database. Primary: True, Phantom: False - JHU reported 25 cases, 2 deaths",JHU
591,AFR::GHA::GH-BA::Atebubu,2011-01-10,2011-08-14,,814.0,,,2011-08-14,30,JHU Cholera Database (UID: 925),0.95,"Converted from JHU database. Primary: True, Phantom: False - JHU reported 814 cases",JHU
592,AFR::GHA::GH-UE::Kassena-Nankana::Navrongo,2012-05-27,2012-06-06,2.0,43.0,,4.7,2012-06-06,20,JHU Cholera Database (UID: 931),0.95,"Converted from JHU database. Primary: True, Phantom: False - JHU reported 43 cases, 2 deaths",JHU
593,AFR::GHA::GH-UE::Kassena-Nankana::(Navrongo|Paga),2012-05-01,2012-05-31,1.0,14.0,,7.1,2012-05-31,20,JHU Cholera Database (UID: 931),0.95,"Converted from JHU database. Primary: True, Phantom: False - JHU reported 14 cases, 1 deaths",JHU
594,AFR::GHA::GH-WP::Jomoro::Elubo,2012-05-13,2012-05-18,,77.0,,,2012-05-18,11,JHU Cholera Database (UID: 930),0.66,"Converted from JHU database. Primary: True, Phantom: True - JHU reported 77 cases",JHU
595,AFR::GHA::GH-CP::Abura,2011-07-06,2011-07-07,,10.0,,,2011-07-07,21,JHU Cholera Database (UID: 924),0.95,"Converted from JHU database. Primary: False, Phantom: False - JHU reported 10 cases",JHU
596,AFR::GHA::GH-CP::Abura,2011-07-01,2011-07-05,2.0,45.0,,4.4,2011-07-05,21,JHU Cholera Database (UID: 924),0.95,"Converted from JHU database. Primary: False, Phantom: False - JHU reported 45 cases, 2 deaths",JHU
597,AFR::GHA::GH-CP::Abura,2011-07-08,2011-07-11,,16.0,,,2011-07-11,21,JHU Cholera Database (UID: 924),0.95,"Converted from JHU database. Primary: False, Phantom: False - JHU reported 16 cases",JHU
598,AFR::GHA::GH-TV,2014-08-01,2014-08-31,,201.0,,,2014-08-31,16,JHU Cholera Database (UID: 943),0.95,"Converted from JHU database. Primary: False, Phantom: False - JHU reported 201 cases",JHU
599,AFR::GHA::GH-TV::Ketu::Ketu-South,2014-08-01,2014-08-22,,60.0,,,2014-08-22,16,JHU Cholera Database (UID: 943),0.95,"Converted from JHU database. Primary: False, Phantom: False - JHU reported 60 cases",JHU
600,AFR::GHA::GH-TV::Nkwanta,2014-08-01,2014-08-31,3.0,67.0,,4.5,2014-08-31,16,JHU Cholera Database (UID: 943),0.95,"Converted from JHU database. Primary: False, Phantom: False - JHU reported 67 cases, 3 deaths",JHU
601,AFR::GHA::GH-TV::Ho,2014-08-01,2014-08-31,,14.0,,,2014-08-31,16,JHU Cholera Database (UID: 943),0.95,"Converted from JHU database. Primary: False, Phantom: False - JHU reported 14 cases",JHU
602,AFR::GHA::GH-TV::Ketu::Ketu-North,2014-08-01,2014-08-31,,10.0,,,2014-08-31,16,JHU Cholera Database (UID: 943),0.95,"Converted from JHU database. Primary: False, Phantom: False - JHU reported 10 cases",JHU
603,AFR::GHA::GH-TV::Ketu::Ketu-South,2014-08-23,2014-08-26,2.0,50.0,,4.0,2014-08-26,16,JHU Cholera Database (UID: 943),0.95,"Converted from JHU database. Primary: False, Phantom: False - JHU reported 50 cases, 2 deaths",JHU
604,AFR::GHA::GH-TV,2014-09-01,2014-09-30,6.0,,,,2014-09-30,16,JHU Cholera Database (UID: 943),0.95,"Converted from JHU database. Primary: False, Phantom: False - JHU reported 6 deaths",JHU
605,AFR::GHA::GH-TV::Ketu::Ketu-South,2014-09-01,2014-09-30,,65.0,,,2014-09-30,16,JHU Cholera Database (UID: 943),0.95,"Converted from JHU database. Primary: False, Phantom: False - JHU reported 65 cases",JHU
606,AFR::GHA::GH-TV::Nkwanta,2014-09-01,2014-09-30,1.0,44.0,,2.3,2014-09-30,16,JHU Cholera Database (UID: 943),0.95,"Converted from JHU database. Primary: False, Phantom: False - JHU reported 44 cases, 1 deaths",JHU
607,AFR::GHA::GH-TV,2014-09-01,2014-09-30,,146.0,,,2014-09-30,16,JHU Cholera Database (UID: 943),0.95,"Converted from JHU database. Primary: False, Phantom: False - JHU reported 146 cases",JHU
608,AFR::GHA,2010-10-01,2010-11-20,0.0,136.0,,0.0,2010-11-20,10,JHU Cholera Database (UID: 10179),0.95,"Converted from JHU database. Primary: False, Phantom: False - JHU reported 136 cases, 0 deaths",JHU
609,AFR::GHA::GH-CP,2014-08-01,2014-08-25,,10.0,,,2014-08-25,28,JHU Cholera Database (UID: 942),0.95,"Converted from JHU database. Primary: True, Phantom: False - JHU reported 10 cases",JHU
610,AFR::GHA::GH-CP,2014-08-26,2014-08-29,,24.0,14.0,,2014-08-29,28,JHU Cholera Database (UID: 942),0.95,"Converted from JHU database. Primary: True, Phantom: False - JHU reported 24 cases",JHU
611,AFR::GHA,2011-01-01,2011-12-31,72.0,,,,2011-12-31,2,JHU Cholera Database (UID: 940),0.95,"Converted from JHU database. Primary: True, Phantom: False - JHU reported 72 deaths",JHU
612,AFR::GHA::GH-CP::Cape Coast::Cape Coast Teaching Hospital,2014-08-26,2014-08-29,,24.0,,,2014-08-29,2,JHU Cholera Database (UID: 940),0.95,"Converted from JHU database. Primary: False, Phantom: False - JHU reported 24 cases",JHU
613,AFR::GHA::Volta::Ketu South,2014-08-22,2014-08-22,,60.0,,,2014-08-22,2,JHU Cholera Database (UID: 940),0.95,"Converted from JHU database. Primary: True, Phantom: False - JHU reported 60 cases",JHU
614,AFR::GHA::Volta::Ketu South,2014-08-26,2014-08-26,2.0,110.0,,1.8,2014-08-26,2,JHU Cholera Database (UID: 940),0.95,"Converted from JHU database. Primary: True, Phantom: False - JHU reported 110 cases, 2 deaths",JHU
615,AFR::GHA::GH-AH,2014-08-01,2014-08-18,1.0,21.0,,4.8,2014-08-18,25,JHU Cholera Database (UID: 941),0.95,"Converted from JHU database. Primary: False, Phantom: False - JHU reported 21 cases, 1 deaths",JHU
616,AFR::GHA::GH-CP::Cape Coast,2016-10-17,2016-10-17,,1.0,,,2016-10-17,8,JHU Cholera Database (UID: 21211),0.95,"Converted from JHU database. Primary: True, Phantom: False - JHU reported 1 cases",JHU
617,AFR::GHA::GH-CP::Cape Coast,2016-10-18,2016-10-18,,0.0,,,2016-10-18,8,JHU Cholera Database (UID: 21211),0.95,"Converted from JHU database. Primary: True, Phantom: False - JHU reported 0 cases",JHU
618,AFR::GHA::GH-CP::Cape Coast,2016-10-19,2016-10-19,,0.0,,,2016-10-19,8,JHU Cholera Database (UID: 21211),0.95,"Converted from JHU database. Primary: True, Phantom: False - JHU reported 0 cases",JHU
619,AFR::GHA::GH-CP::Cape Coast,2016-10-20,2016-10-20,,2.0,,,2016-10-20,8,JHU Cholera Database (UID: 21211),0.95,"Converted from JHU database. Primary: True, Phantom: False - JHU reported 2 cases",JHU
620,AFR::GHA::GH-CP::Cape Coast,2016-10-21,2016-10-21,,0.0,,,2016-10-21,8,JHU Cholera Database (UID: 21211),0.95,"Converted from JHU database. Primary: True, Phantom: False - JHU reported 0 cases",JHU
621,AFR::GHA::GH-CP::Cape Coast,2016-10-22,2016-10-22,,2.0,,,2016-10-22,8,JHU Cholera Database (UID: 21211),0.95,"Converted from JHU database. Primary: True, Phantom: False - JHU reported 2 cases",JHU
622,AFR::GHA::GH-CP::Cape Coast,2016-10-23,2016-10-23,,10.0,,,2016-10-23,8,JHU Cholera Database (UID: 21211),0.95,"Converted from JHU database. Primary: True, Phantom: False - JHU reported 10 cases",JHU
623,AFR::GHA::GH-CP::Cape Coast,2016-10-24,2016-10-24,,4.0,,,2016-10-24,8,JHU Cholera Database (UID: 21211),0.95,"Converted from JHU database. Primary: True, Phantom: False - JHU reported 4 cases",JHU
624,AFR::GHA::GH-CP::Cape Coast,2016-10-25,2016-10-25,,8.0,,,2016-10-25,8,JHU Cholera Database (UID: 21211),0.95,"Converted from JHU database. Primary: True, Phantom: False - JHU reported 8 cases",JHU
625,AFR::GHA::GH-CP::Cape Coast,2016-10-26,2016-10-26,,34.0,,,2016-10-26,8,JHU Cholera Database (UID: 21211),0.95,"Converted from JHU database. Primary: True, Phantom: False - JHU reported 34 cases",JHU
626,AFR::GHA::GH-CP::Cape Coast,2016-10-27,2016-10-27,,20.0,,,2016-10-27,8,JHU Cholera Database (UID: 21211),0.95,"Converted from JHU database. Primary: True, Phantom: False - JHU reported 20 cases",JHU
627,AFR::GHA::GH-CP::Cape Coast,2016-10-28,2016-10-28,,24.0,,,2016-10-28,8,JHU Cholera Database (UID: 21211),0.95,"Converted from JHU database. Primary: True, Phantom: False - JHU reported 24 cases",JHU
628,AFR::GHA::GH-CP::Cape Coast,2016-10-29,2016-10-29,,18.0,,,2016-10-29,8,JHU Cholera Database (UID: 21211),0.95,"Converted from JHU database. Primary: True, Phantom: False - JHU reported 18 cases",JHU
629,AFR::GHA::GH-CP::Cape Coast,2016-10-30,2016-10-30,,16.0,,,2016-10-30,8,JHU Cholera Database (UID: 21211),0.95,"Converted from JHU database. Primary: True, Phantom: False - JHU reported 16 cases",JHU
630,AFR::GHA::GH-CP::Cape Coast,2016-10-31,2016-10-31,,11.0,,,2016-10-31,8,JHU Cholera Database (UID: 21211),0.95,"Converted from JHU database. Primary: True, Phantom: False - JHU reported 11 cases",JHU
631,AFR::GHA::GH-CP::Cape Coast,2016-11-01,2016-11-01,,19.0,,,2016-11-01,8,JHU Cholera Database (UID: 21211),0.95,"Converted from JHU database. Primary: True, Phantom: False - JHU reported 19 cases",JHU
632,AFR::GHA::GH-CP::Cape Coast,2016-11-02,2016-11-02,,9.0,,,2016-11-02,8,JHU Cholera Database (UID: 21211),0.95,"Converted from JHU database. Primary: True, Phantom: False - JHU reported 9 cases",JHU
633,AFR::GHA::GH-CP::Cape Coast,2016-11-03,2016-11-03,,7.0,,,2016-11-03,8,JHU Cholera Database (UID: 21211),0.95,"Converted from JHU database. Primary: True, Phantom: False - JHU reported 7 cases",JHU
634,AFR::GHA::GH-CP::Cape Coast,2016-11-04,2016-11-04,,13.0,,,2016-11-04,8,JHU Cholera Database (UID: 21211),0.95,"Converted from JHU database. Primary: True, Phantom: False - JHU reported 13 cases",JHU
635,AFR::GHA::GH-CP::Cape Coast,2016-11-05,2016-11-05,,12.0,,,2016-11-05,8,JHU Cholera Database (UID: 21211),0.95,"Converted from JHU database. Primary: True, Phantom: False - JHU reported 12 cases",JHU
636,AFR::GHA::GH-CP::Cape Coast,2016-11-06,2016-11-06,,20.0,,,2016-11-06,8,JHU Cholera Database (UID: 21211),0.95,"Converted from JHU database. Primary: True, Phantom: False - JHU reported 20 cases",JHU
637,AFR::GHA::GH-CP::Cape Coast,2016-11-07,2016-11-07,,11.0,,,2016-11-07,8,JHU Cholera Database (UID: 21211),0.95,"Converted from JHU database. Primary: True, Phantom: False - JHU reported 11 cases",JHU
638,AFR::GHA::GH-CP::Cape Coast,2016-11-08,2016-11-08,,13.0,,,2016-11-08,8,JHU Cholera Database (UID: 21211),0.95,"Converted from JHU database. Primary: True, Phantom: False - JHU reported 13 cases",JHU
639,AFR::GHA::GH-CP::Cape Coast,2016-11-09,2016-11-09,,12.0,,,2016-11-09,8,JHU Cholera Database (UID: 21211),0.95,"Converted from JHU database. Primary: True, Phantom: False - JHU reported 12 cases",JHU
640,AFR::GHA::GH-CP::Cape Coast,2016-11-10,2016-11-10,,15.0,,,2016-11-10,8,JHU Cholera Database (UID: 21211),0.95,"Converted from JHU database. Primary: True, Phantom: False - JHU reported 15 cases",JHU
641,AFR::GHA::GH-CP::Cape Coast,2016-10-17,2016-11-10,,6.0,,,2016-11-10,8,JHU Cholera Database (UID: 21211),0.95,"Converted from JHU database. Primary: False, Phantom: False - JHU reported 6 cases",JHU
642,AFR::GHA::GH-CP::Cape Coast,2016-10-17,2016-11-10,,22.0,,,2016-11-10,8,JHU Cholera Database (UID: 21211),0.95,"Converted from JHU database. Primary: False, Phantom: False - JHU reported 22 cases",JHU
643,AFR::GHA::GH-CP::Cape Coast,2016-10-17,2016-11-10,,48.0,,,2016-11-10,8,JHU Cholera Database (UID: 21211),0.95,"Converted from JHU database. Primary: False, Phantom: False - JHU reported 48 cases",JHU
644,AFR::GHA::GH-CP::Cape Coast,2016-10-17,2016-11-10,,35.0,,,2016-11-10,8,JHU Cholera Database (UID: 21211),0.95,"Converted from JHU database. Primary: False, Phantom: False - JHU reported 35 cases",JHU
645,AFR::GHA::GH-CP::Cape Coast,2016-10-17,2016-11-10,,26.0,,,2016-11-10,8,JHU Cholera Database (UID: 21211),0.95,"Converted from JHU database. Primary: False, Phantom: False - JHU reported 26 cases",JHU
646,AFR::GHA::GH-CP::Cape Coast,2016-10-17,2016-11-10,,2.0,,,2016-11-10,8,JHU Cholera Database (UID: 21211),0.95,"Converted from JHU database. Primary: False, Phantom: False - JHU reported 2 cases",JHU
647,AFR::GHA::GH-CP::Cape Coast,2016-10-17,2016-11-10,,10.0,,,2016-11-10,8,JHU Cholera Database (UID: 21211),0.95,"Converted from JHU database. Primary: False, Phantom: False - JHU reported 10 cases",JHU
648,AFR::GHA::GH-CP::Cape Coast,2016-10-17,2016-11-10,,15.0,,,2016-11-10,8,JHU Cholera Database (UID: 21211),0.95,"Converted from JHU database. Primary: False, Phantom: False - JHU reported 15 cases",JHU
649,AFR::GHA::GH-CP::Cape Coast,2016-10-17,2016-11-10,,58.0,,,2016-11-10,8,JHU Cholera Database (UID: 21211),0.95,"Converted from JHU database. Primary: False, Phantom: False - JHU reported 58 cases",JHU
650,AFR::GHA::GH-CP::Cape Coast,2016-10-17,2016-11-10,,32.0,,,2016-11-10,8,JHU Cholera Database (UID: 21211),0.95,"Converted from JHU database. Primary: False, Phantom: False - JHU reported 32 cases",JHU
651,AFR::GHA::GH-CP::Cape Coast,2016-10-17,2016-11-10,,16.0,,,2016-11-10,8,JHU Cholera Database (UID: 21211),0.95,"Converted from JHU database. Primary: False, Phantom: False - JHU reported 16 cases",JHU
652,AFR::GHA::GH-CP::Cape Coast,2016-10-17,2016-11-10,,9.0,,,2016-11-10,8,JHU Cholera Database (UID: 21211),0.95,"Converted from JHU database. Primary: False, Phantom: False - JHU reported 9 cases",JHU
653,AFR::GHA::GH-NP,2014-07-01,2014-10-01,,0.0,,,2014-10-01,6,JHU Cholera Database (UID: 945),0.95,"Converted from JHU database. Primary: True, Phantom: False - JHU reported 0 cases",JHU
654,AFR::GHA::GH-BA,2014-08-01,2014-08-01,,1.0,,,2014-08-01,6,JHU Cholera Database (UID: 945),0.95,"Converted from JHU database. Primary: True, Phantom: False - JHU reported 1 cases",JHU
655,AFR::GHA::GH-BA::Techiman::Holy Family Hospital,2014-08-27,2014-08-30,,6.0,6.0,,2014-08-30,15,JHU Cholera Database (UID: 944),0.95,"Converted from JHU database. Primary: True, Phantom: False - JHU reported 6 cases",JHU
656,AFR::GHA,2024-08-19,2024-08-25,,2.0,,0.0,2024-08-25,36,WHO Cholera Surveillance Dashboard (2024),0.9,"WHO dashboard data: 2.0 cases, 0.0 deaths reported for week 34 of 2024. Converted from weekly surveillance data.",WHO
657,AFR::GHA,2024-08-26,2024-09-01,,,,,2024-09-01,36,WHO Cholera Surveillance Dashboard (2024),0.9,"WHO dashboard data: 0.0 cases, 0.0 deaths reported for week 35 of 2024. Converted from weekly surveillance data.",WHO
658,AFR::GHA,2024-09-02,2024-09-08,,,,,2024-09-08,36,WHO Cholera Surveillance Dashboard (2024),0.9,"WHO dashboard data: 0.0 cases, 0.0 deaths reported for week 36 of 2024. Converted from weekly surveillance data.",WHO
659,AFR::GHA,2024-09-09,2024-09-15,,,,,2024-09-15,36,WHO Cholera Surveillance Dashboard (2024),0.9,"WHO dashboard data: 0.0 cases, 0.0 deaths reported for week 37 of 2024. Converted from weekly surveillance data.",WHO
660,AFR::GHA,2024-09-16,2024-09-22,,,,,2024-09-22,36,WHO Cholera Surveillance Dashboard (2024),0.9,"WHO dashboard data: 0.0 cases, 0.0 deaths reported for week 38 of 2024. Converted from weekly surveillance data.",WHO
661,AFR::GHA,2024-09-23,2024-09-29,,,,,2024-09-29,36,WHO Cholera Surveillance Dashboard (2024),0.9,"WHO dashboard data: 0.0 cases, 0.0 deaths reported for week 39 of 2024. Converted from weekly surveillance data.",WHO
662,AFR::GHA,2024-09-30,2024-10-06,,,,,2024-10-06,36,WHO Cholera Surveillance Dashboard (2024),0.9,"WHO dashboard data: 0.0 cases, 0.0 deaths reported for week 40 of 2024. Converted from weekly surveillance data.",WHO
663,AFR::GHA,2024-10-07,2024-10-13,,9.0,,0.0,2024-10-13,36,WHO Cholera Surveillance Dashboard (2024),0.9,"WHO dashboard data: 9.0 cases, 0.0 deaths reported for week 41 of 2024. Converted from weekly surveillance data.",WHO
664,AFR::GHA,2024-10-14,2024-10-20,,,,,2024-10-20,36,WHO Cholera Surveillance Dashboard (2024),0.9,"WHO dashboard data: 0.0 cases, 0.0 deaths reported for week 42 of 2024. Converted from weekly surveillance data.",WHO
665,AFR::GHA,2024-10-21,2024-10-27,,,,,2024-10-27,36,WHO Cholera Surveillance Dashboard (2024),0.9,"WHO dashboard data: 0.0 cases, 0.0 deaths reported for week 43 of 2024. Converted from weekly surveillance data.",WHO
666,AFR::GHA,2024-10-28,2024-11-03,,,,,2024-11-03,36,WHO Cholera Surveillance Dashboard (2024),0.9,"WHO dashboard data: 0.0 cases, 0.0 deaths reported for week 44 of 2024. Converted from weekly surveillance data.",WHO
667,AFR::GHA,2024-11-04,2024-11-10,12.0,1506.0,,0.8,2024-11-10,36,WHO Cholera Surveillance Dashboard (2024),0.9,"WHO dashboard data: 1506.0 cases, 12.0 deaths reported for week 45 of 2024. Converted from weekly surveillance data.",WHO
668,AFR::GHA,2024-11-11,2024-11-17,4.0,209.0,,1.91,2024-11-17,36,WHO Cholera Surveillance Dashboard (2024),0.9,"WHO dashboard data: 209.0 cases, 4.0 deaths reported for week 46 of 2024. Converted from weekly surveillance data.",WHO
669,AFR::GHA,2024-11-18,2024-11-24,2.0,518.0,,0.39,2024-11-24,36,WHO Cholera Surveillance Dashboard (2024),0.9,"WHO dashboard data: 518.0 cases, 2.0 deaths reported for week 47 of 2024. Converted from weekly surveillance data.",WHO
670,AFR::GHA,2024-11-25,2024-12-01,4.0,303.0,,1.32,2024-12-01,36,WHO Cholera Surveillance Dashboard (2024),0.9,"WHO dashboard data: 303.0 cases, 4.0 deaths reported for week 48 of 2024. Converted from weekly surveillance data.",WHO
671,AFR::GHA,2024-12-02,2024-12-08,1.0,423.0,,0.24,2024-12-08,36,WHO Cholera Surveillance Dashboard (2024),0.9,"WHO dashboard data: 423.0 cases, 1.0 deaths reported for week 49 of 2024. Converted from weekly surveillance data.",WHO
672,AFR::GHA,2024-12-09,2024-12-15,4.0,322.0,,1.24,2024-12-15,36,WHO Cholera Surveillance Dashboard (2024),0.9,"WHO dashboard data: 322.0 cases, 4.0 deaths reported for week 50 of 2024. Converted from weekly surveillance data.",WHO
673,AFR::GHA,2024-12-16,2024-12-22,7.0,1052.0,,0.67,2024-12-22,36,WHO Cholera Surveillance Dashboard (2024),0.9,"WHO dashboard data: 1052.0 cases, 7.0 deaths reported for week 51 of 2024. Converted from weekly surveillance data.",WHO
674,AFR::GHA,2024-12-23,2024-12-29,3.0,274.0,,1.09,2024-12-29,36,WHO Cholera Surveillance Dashboard (2024),0.9,"WHO dashboard data: 274.0 cases, 3.0 deaths reported for week 52 of 2024. Converted from weekly surveillance data.",WHO
675,AFR::GHA,2024-12-30,2025-01-05,,,,,2025-01-05,37,WHO Cholera Surveillance Dashboard (2025),0.9,"WHO dashboard data: 0.0 cases, 0.0 deaths reported for week 1 of 2025. Converted from weekly surveillance data.",WHO
676,AFR::GHA,2025-01-06,2025-01-12,3.0,572.0,,0.52,2025-01-12,37,WHO Cholera Surveillance Dashboard (2025),0.9,"WHO dashboard data: 572.0 cases, 3.0 deaths reported for week 2 of 2025. Converted from weekly surveillance data.",WHO
677,AFR::GHA,2025-01-13,2025-01-19,2.0,103.0,,1.94,2025-01-19,37,WHO Cholera Surveillance Dashboard (2025),0.9,"WHO dashboard data: 103.0 cases, 2.0 deaths reported for week 3 of 2025. Converted from weekly surveillance data.",WHO
678,AFR::GHA,2025-01-20,2025-01-26,,,,,2025-01-26,37,WHO Cholera Surveillance Dashboard (2025),0.9,"WHO dashboard data: 0.0 cases, 0.0 deaths reported for week 4 of 2025. Converted from weekly surveillance data.",WHO
679,AFR::GHA,2025-01-27,2025-02-02,3.0,532.0,,0.56,2025-02-02,37,WHO Cholera Surveillance Dashboard (2025),0.9,"WHO dashboard data: 532.0 cases, 3.0 deaths reported for week 5 of 2025. Converted from weekly surveillance data.",WHO
680,AFR::GHA,2025-02-03,2025-02-09,1.0,64.0,,1.56,2025-02-09,37,WHO Cholera Surveillance Dashboard (2025),0.9,"WHO dashboard data: 64.0 cases, 1.0 deaths reported for week 6 of 2025. Converted from weekly surveillance data.",WHO
681,AFR::GHA,2025-02-10,2025-02-16,,,,,2025-02-16,37,WHO Cholera Surveillance Dashboard (2025),0.9,"WHO dashboard data: 0.0 cases, 0.0 deaths reported for week 7 of 2025. Converted from weekly surveillance data.",WHO
682,AFR::GHA,2025-02-17,2025-02-23,3.0,624.0,,0.48,2025-02-23,37,WHO Cholera Surveillance Dashboard (2025),0.9,"WHO dashboard data: 624.0 cases, 3.0 deaths reported for week 8 of 2025. Converted from weekly surveillance data.",WHO
683,AFR::GHA,2025-02-24,2025-03-02,,,,,2025-03-02,37,WHO Cholera Surveillance Dashboard (2025),0.9,"WHO dashboard data: 0.0 cases, 0.0 deaths reported for week 9 of 2025. Converted from weekly surveillance data.",WHO
684,AFR::GHA,2025-03-03,2025-03-09,,262.0,,0.0,2025-03-09,37,WHO Cholera Surveillance Dashboard (2025),0.9,"WHO dashboard data: 262.0 cases, 0.0 deaths reported for week 10 of 2025. Converted from weekly surveillance data.",WHO
685,AFR::GHA,2025-03-10,2025-03-16,,,,,2025-03-16,37,WHO Cholera Surveillance Dashboard (2025),0.9,"WHO dashboard data: 0.0 cases, 0.0 deaths reported for week 11 of 2025. Converted from weekly surveillance data.",WHO
686,AFR::GHA,2025-03-17,2025-03-23,2.0,182.0,,1.1,2025-03-23,37,WHO Cholera Surveillance Dashboard (2025),0.9,"WHO dashboard data: 182.0 cases, 2.0 deaths reported for week 12 of 2025. Converted from weekly surveillance data.",WHO
687,AFR::GHA,2025-03-24,2025-03-30,,67.0,,0.0,2025-03-30,37,WHO Cholera Surveillance Dashboard (2025),0.9,"WHO dashboard data: 67.0 cases, 0.0 deaths reported for week 13 of 2025. Converted from weekly surveillance data.",WHO
688,AFR::GHA,2025-03-31,2025-04-06,,44.0,,0.0,2025-04-06,37,WHO Cholera Surveillance Dashboard (2025),0.9,"WHO dashboard data: 44.0 cases, 0.0 deaths reported for week 14 of 2025. Converted from weekly surveillance data.",WHO
689,AFR::GHA,2025-04-07,2025-04-13,,18.0,,0.0,2025-04-13,37,WHO Cholera Surveillance Dashboard (2025),0.9,"WHO dashboard data: 18.0 cases, 0.0 deaths reported for week 15 of 2025. Converted from weekly surveillance data.",WHO
690,AFR::GHA,2025-04-14,2025-04-20,,6.0,,0.0,2025-04-20,37,WHO Cholera Surveillance Dashboard (2025),0.9,"WHO dashboard data: 6.0 cases, 0.0 deaths reported for week 16 of 2025. Converted from weekly surveillance data.",WHO
691,AFR::GHA,2025-04-21,2025-04-27,,,,,2025-04-27,37,WHO Cholera Surveillance Dashboard (2025),0.9,"WHO dashboard data: 0.0 cases, 0.0 deaths reported for week 17 of 2025. Converted from weekly surveillance data.",WHO
692,AFR::GHA,2025-04-28,2025-05-04,,6.0,,0.0,2025-05-04,37,WHO Cholera Surveillance Dashboard (2025),0.9,"WHO dashboard data: 6.0 cases, 0.0 deaths reported for week 18 of 2025. Converted from weekly surveillance data.",WHO
693,AFR::GHA,2024-08-19,2024-08-25,,2.0,,0.0,2024-08-25,36,WHO Cholera Surveillance Dashboard (2024),0.9,"WHO dashboard data: 2.0 cases, 0.0 deaths reported for week 34 of 2024. Converted from weekly surveillance data.",WHO
694,AFR::GHA,2024-08-26,2024-09-01,,,,,2024-09-01,36,WHO Cholera Surveillance Dashboard (2024),0.9,"WHO dashboard data: 0.0 cases, 0.0 deaths reported for week 35 of 2024. Converted from weekly surveillance data.",WHO
695,AFR::GHA,2024-09-02,2024-09-08,,,,,2024-09-08,36,WHO Cholera Surveillance Dashboard (2024),0.9,"WHO dashboard data: 0.0 cases, 0.0 deaths reported for week 36 of 2024. Converted from weekly surveillance data.",WHO
696,AFR::GHA,2024-09-09,2024-09-15,,,,,2024-09-15,36,WHO Cholera Surveillance Dashboard (2024),0.9,"WHO dashboard data: 0.0 cases, 0.0 deaths reported for week 37 of 2024. Converted from weekly surveillance data.",WHO
697,AFR::GHA,2024-09-16,2024-09-22,,,,,2024-09-22,36,WHO Cholera Surveillance Dashboard (2024),0.9,"WHO dashboard data: 0.0 cases, 0.0 deaths reported for week 38 of 2024. Converted from weekly surveillance data.",WHO
698,AFR::GHA,2024-09-23,2024-09-29,,,,,2024-09-29,36,WHO Cholera Surveillance Dashboard (2024),0.9,"WHO dashboard data: 0.0 cases, 0.0 deaths reported for week 39 of 2024. Converted from weekly surveillance data.",WHO
699,AFR::GHA,2024-09-30,2024-10-06,,,,,2024-10-06,36,WHO Cholera Surveillance Dashboard (2024),0.9,"WHO dashboard data: 0.0 cases, 0.0 deaths reported for week 40 of 2024. Converted from weekly surveillance data.",WHO
700,AFR::GHA,2024-10-07,2024-10-13,,9.0,,0.0,2024-10-13,36,WHO Cholera Surveillance Dashboard (2024),0.9,"WHO dashboard data: 9.0 cases, 0.0 deaths reported for week 41 of 2024. Converted from weekly surveillance data.",WHO
701,AFR::GHA,2024-10-14,2024-10-20,,,,,2024-10-20,36,WHO Cholera Surveillance Dashboard (2024),0.9,"WHO dashboard data: 0.0 cases, 0.0 deaths reported for week 42 of 2024. Converted from weekly surveillance data.",WHO
702,AFR::GHA,2024-10-21,2024-10-27,,,,,2024-10-27,36,WHO Cholera Surveillance Dashboard (2024),0.9,"WHO dashboard data: 0.0 cases, 0.0 deaths reported for week 43 of 2024. Converted from weekly surveillance data.",WHO
703,AFR::GHA,2024-10-28,2024-11-03,,,,,2024-11-03,36,WHO Cholera Surveillance Dashboard (2024),0.9,"WHO dashboard data: 0.0 cases, 0.0 deaths reported for week 44 of 2024. Converted from weekly surveillance data.",WHO
704,AFR::GHA,2024-11-04,2024-11-10,12.0,1506.0,,0.8,2024-11-10,36,WHO Cholera Surveillance Dashboard (2024),0.9,"WHO dashboard data: 1506.0 cases, 12.0 deaths reported for week 45 of 2024. Converted from weekly surveillance data.",WHO
705,AFR::GHA,2024-11-11,2024-11-17,4.0,209.0,,1.91,2024-11-17,36,WHO Cholera Surveillance Dashboard (2024),0.9,"WHO dashboard data: 209.0 cases, 4.0 deaths reported for week 46 of 2024. Converted from weekly surveillance data.",WHO
706,AFR::GHA,2024-11-18,2024-11-24,2.0,518.0,,0.39,2024-11-24,36,WHO Cholera Surveillance Dashboard (2024),0.9,"WHO dashboard data: 518.0 cases, 2.0 deaths reported for week 47 of 2024. Converted from weekly surveillance data.",WHO
707,AFR::GHA,2024-11-25,2024-12-01,4.0,303.0,,1.32,2024-12-01,36,WHO Cholera Surveillance Dashboard (2024),0.9,"WHO dashboard data: 303.0 cases, 4.0 deaths reported for week 48 of 2024. Converted from weekly surveillance data.",WHO
708,AFR::GHA,2024-12-02,2024-12-08,1.0,423.0,,0.24,2024-12-08,36,WHO Cholera Surveillance Dashboard (2024),0.9,"WHO dashboard data: 423.0 cases, 1.0 deaths reported for week 49 of 2024. Converted from weekly surveillance data.",WHO
709,AFR::GHA,2024-12-09,2024-12-15,4.0,322.0,,1.24,2024-12-15,36,WHO Cholera Surveillance Dashboard (2024),0.9,"WHO dashboard data: 322.0 cases, 4.0 deaths reported for week 50 of 2024. Converted from weekly surveillance data.",WHO
710,AFR::GHA,2024-12-16,2024-12-22,7.0,1052.0,,0.67,2024-12-22,36,WHO Cholera Surveillance Dashboard (2024),0.9,"WHO dashboard data: 1052.0 cases, 7.0 deaths reported for week 51 of 2024. Converted from weekly surveillance data.",WHO
711,AFR::GHA,2024-12-23,2024-12-29,3.0,274.0,,1.09,2024-12-29,36,WHO Cholera Surveillance Dashboard (2024),0.9,"WHO dashboard data: 274.0 cases, 3.0 deaths reported for week 52 of 2024. Converted from weekly surveillance data.",WHO
712,AFR::GHA,2024-12-30,2025-01-05,,,,,2025-01-05,37,WHO Cholera Surveillance Dashboard (2025),0.9,"WHO dashboard data: 0.0 cases, 0.0 deaths reported for week 1 of 2025. Converted from weekly surveillance data.",WHO
713,AFR::GHA,2025-01-06,2025-01-12,3.0,572.0,,0.52,2025-01-12,37,WHO Cholera Surveillance Dashboard (2025),0.9,"WHO dashboard data: 572.0 cases, 3.0 deaths reported for week 2 of 2025. Converted from weekly surveillance data.",WHO
714,AFR::GHA,2025-01-13,2025-01-19,2.0,103.0,,1.94,2025-01-19,37,WHO Cholera Surveillance Dashboard (2025),0.9,"WHO dashboard data: 103.0 cases, 2.0 deaths reported for week 3 of 2025. Converted from weekly surveillance data.",WHO
715,AFR::GHA,2025-01-20,2025-01-26,,,,,2025-01-26,37,WHO Cholera Surveillance Dashboard (2025),0.9,"WHO dashboard data: 0.0 cases, 0.0 deaths reported for week 4 of 2025. Converted from weekly surveillance data.",WHO
716,AFR::GHA,2025-01-27,2025-02-02,3.0,532.0,,0.56,2025-02-02,37,WHO Cholera Surveillance Dashboard (2025),0.9,"WHO dashboard data: 532.0 cases, 3.0 deaths reported for week 5 of 2025. Converted from weekly surveillance data.",WHO
717,AFR::GHA,2025-02-03,2025-02-09,1.0,64.0,,1.56,2025-02-09,37,WHO Cholera Surveillance Dashboard (2025),0.9,"WHO dashboard data: 64.0 cases, 1.0 deaths reported for week 6 of 2025. Converted from weekly surveillance data.",WHO
718,AFR::GHA,2025-02-10,2025-02-16,,,,,2025-02-16,37,WHO Cholera Surveillance Dashboard (2025),0.9,"WHO dashboard data: 0.0 cases, 0.0 deaths reported for week 7 of 2025. Converted from weekly surveillance data.",WHO
719,AFR::GHA,2025-02-17,2025-02-23,3.0,624.0,,0.48,2025-02-23,37,WHO Cholera Surveillance Dashboard (2025),0.9,"WHO dashboard data: 624.0 cases, 3.0 deaths reported for week 8 of 2025. Converted from weekly surveillance data.",WHO
720,AFR::GHA,2025-02-24,2025-03-02,,,,,2025-03-02,37,WHO Cholera Surveillance Dashboard (2025),0.9,"WHO dashboard data: 0.0 cases, 0.0 deaths reported for week 9 of 2025. Converted from weekly surveillance data.",WHO
721,AFR::GHA,2025-03-03,2025-03-09,,262.0,,0.0,2025-03-09,37,WHO Cholera Surveillance Dashboard (2025),0.9,"WHO dashboard data: 262.0 cases, 0.0 deaths reported for week 10 of 2025. Converted from weekly surveillance data.",WHO
722,AFR::GHA,2025-03-10,2025-03-16,,,,,2025-03-16,37,WHO Cholera Surveillance Dashboard (2025),0.9,"WHO dashboard data: 0.0 cases, 0.0 deaths reported for week 11 of 2025. Converted from weekly surveillance data.",WHO
723,AFR::GHA,2025-03-17,2025-03-23,2.0,182.0,,1.1,2025-03-23,37,WHO Cholera Surveillance Dashboard (2025),0.9,"WHO dashboard data: 182.0 cases, 2.0 deaths reported for week 12 of 2025. Converted from weekly surveillance data.",WHO
724,AFR::GHA,2025-03-24,2025-03-30,,67.0,,0.0,2025-03-30,37,WHO Cholera Surveillance Dashboard (2025),0.9,"WHO dashboard data: 67.0 cases, 0.0 deaths reported for week 13 of 2025. Converted from weekly surveillance data.",WHO
725,AFR::GHA,2025-03-31,2025-04-06,,44.0,,0.0,2025-04-06,37,WHO Cholera Surveillance Dashboard (2025),0.9,"WHO dashboard data: 44.0 cases, 0.0 deaths reported for week 14 of 2025. Converted from weekly surveillance data.",WHO
726,AFR::GHA,2025-04-07,2025-04-13,,18.0,,0.0,2025-04-13,37,WHO Cholera Surveillance Dashboard (2025),0.9,"WHO dashboard data: 18.0 cases, 0.0 deaths reported for week 15 of 2025. Converted from weekly surveillance data.",WHO
727,AFR::GHA,2025-04-14,2025-04-20,,6.0,,0.0,2025-04-20,37,WHO Cholera Surveillance Dashboard (2025),0.9,"WHO dashboard data: 6.0 cases, 0.0 deaths reported for week 16 of 2025. Converted from weekly surveillance data.",WHO
728,AFR::GHA,2025-04-21,2025-04-27,,,,,2025-04-27,37,WHO Cholera Surveillance Dashboard (2025),0.9,"WHO dashboard data: 0.0 cases, 0.0 deaths reported for week 17 of 2025. Converted from weekly surveillance data.",WHO
729,AFR::GHA,2025-04-28,2025-05-04,,6.0,,0.0,2025-05-04,37,WHO Cholera Surveillance Dashboard (2025),0.9,"WHO dashboard data: 6.0 cases, 0.0 deaths reported for week 18 of 2025. Converted from weekly surveillance data.",WHO
